32767
0
-1
-1
0
0
0
0.25
32767
1
-1
-1
1
0
0
0.375
32767
2
-1
-1
2
0
0
0.5
32767
3
-1
-1
3
0
0
0.625
32767
4
-1
-1
4
0
0
0.75
32767
5
-1
-1
5
0
0
0.875
32767
6
-1
-1
6
0
0
0.125
32767
7
-1
-1
7
0
1
0.333333
32767
8
-1
-1
8
0
1
0.666667
32767
9
0
7
0
0
0
0
32767
10
0
8
0
0
0
0
32767
11
1
7
0
0
0
0
32767
12
1
8
0
0
0
0
32767
13
2
7
0
0
0
0
32767
14
2
8
0
0
0
0
32767
15
3
7
0
0
0
0
32767
16
3
8
0
0
0
0
32767
17
4
7
0
0
0
0
32767
18
4
8
0
0
0
0
32767
19
5
7
0
0
0
0
32767
20
5
8
0
0
0
0
32767
21
6
7
0
0
0
0
32767
22
6
8
0
0
0
0
0
23
0
7
9
24715921
0.5
0.291667
0
24
0
9
0
0
0
0
0
25
9
7
0
32767
0
0
0
26
1
8
10
537486284
0.5
0.520833
0
27
1
10
0
537486284
0
0
0
28
10
8
0
537486284
0
0
110
29
5
7
11
1669430344
0.5
0.604167
110
30
5
11
0
0
0
0
110
31
11
7
0
32767
0
0
110
32
1
7
12
357346028
0.5
0.354167
110
33
1
12
0
357346028
0
0
110
34
12
7
0
357346028
0
0
110
35
2
8
13
865460385
0.5
0.583333
110
36
2
13
0
865460385
0
0
110
37
13
8
0
865460385
0
0
0
38
7
8
0
1837901468
0
0
0
39
5
8
14
1972135650
0.5
0.770833
0
40
5
14
0
0
0
0
0
41
14
8
0
32767
0
0
0
42
3
7
15
1135708711
0.5
0.479167
0
43
3
15
0
0
0
0
0
44
15
7
0
32767
0
0
0
45
4
7
16
1455030287
0.5
0.541667
0
46
4
16
0
0
0
0
0
47
16
7
0
32767
0
0
0
48
7
7
0
1515814661
0
0
0
49
0
8
17
263214690
0.5
0.458333
0
50
0
17
0
263214690
0
0
0
51
17
8
0
263214690
0
0
1071863125
52
8
7
0
570593159
0
0
0
53
2
7
18
747802672
0.5
0.416667
0
54
2
18
0
747802672
0
0
0
55
18
7
0
747802672
0
0
110
56
4
8
19
1513887695
0.5
0.708333
110
57
4
19
0
0
0
0
110
58
19
8
0
32767
0
0
110
59
3
8
20
1304311965
0.5
0.645833
110
60
3
20
0
1304311965
0
0
110
61
20
8
0
1304311965
0
0
0
62
7
8
21
1982995924
1
0.5
0
63
7
21
0
0
0
0
0
64
21
8
0
32767
0
0
0
65
5
14
22
2045540516
0.25
0.822917
0
66
5
22
0
0
0
0
0
67
22
14
0
32767
0
0
0
68
5
8
23
1493110817
0.5
0.770833
0
69
5
23
0
0
0
0
0
70
23
8
0
32767
0
0
110
71
0
17
24
2054063789
0.25
0.354167
110
72
0
24
0
0
0
0
110
73
24
17
0
0
0
0
0
74
8
8
0
1758686597
0
0
0
75
1
17
0
1447033119
0
0
0
76
4
14
0
1453746387
0
0
0
77
7
14
0
2008620840
0
0
1072321877
78
17
7
0
453777470
0
0
0
79
2
14
0
1522072333
0
0
1071688362
80
14
7
0
307611367
0
0
0
81
5
8
25
1555814828
0.5
0.770833
0
82
5
25
0
1555814828
0
0
0
83
25
8
0
1555814828
0
0
1071644672
84
1
14
0
1731165831
0
0
0
85
5
8
26
1595331832
0.5
0.770833
0
86
5
26
0
0
0
0
0
87
26
8
0
32767
0
0
0
88
5
8
27
1576596223
0.5
0.770833
0
89
5
27
0
0
0
0
0
90
27
8
0
32767
0
0
0
91
0
14
0
1716257424
0
0
0
92
5
8
28
1593918526
0.5
0.770833
0
93
5
28
0
1593918526
0
0
0
94
28
8
0
1593918526
0
0
110
95
5
8
29
1597527036
0.5
0.770833
110
96
5
29
0
0
0
0
110
97
29
8
0
32767
0
0
0
98
8
14
0
2054922792
0
0
0
99
5
8
30
1534002849
0.5
0.770833
0
100
5
30
0
1534002849
0
0
0
101
30
8
0
1534002849
0
0
110
102
5
8
31
1540427888
0.5
0.770833
110
103
5
31
0
0
0
0
110
104
31
8
0
32767
0
0
110
105
5
8
32
1557366693
0.5
0.770833
110
106
5
32
0
0
0
0
110
107
32
8
0
32767
0
0
110
108
5
8
33
1561469241
0.5
0.770833
110
109
5
33
0
0
0
0
110
110
33
8
0
32767
0
0
0
111
5
8
34
1521710425
0.5
0.770833
0
112
5
34
0
0
0
0
0
113
34
8
0
0
0
0
110
114
5
8
35
1514136399
0.5
0.770833
110
115
5
35
0
1514136399
0
0
110
116
35
8
0
1514136399
0
0
1071644672
117
6
14
0
2009982651
0
0
0
118
14
8
36
2105396217
0.75
0.71875
0
119
14
36
0
2105396217
0
0
0
120
36
8
0
2105396217
0
0
0
121
3
13
0
1841553548
0
0
0
122
5
13
0
1451238281
0
0
0
123
1
13
0
2117998369
0
0
0
124
3
10
0
1564565544
0
0
0
125
5
8
37
1492706351
0.5
0.770833
0
126
5
37
0
1492706351
0
0
0
127
37
8
0
1492706351
0
0
0
128
5
8
38
1554669171
0.5
0.770833
0
129
5
38
0
0
0
0
0
130
38
8
0
32767
0
0
0
131
5
8
39
1478925917
0.5
0.770833
0
132
5
39
0
1478925917
0
0
0
133
39
8
0
1478925917
0
0
110
134
5
8
40
1481319744
0.5
0.770833
110
135
5
40
0
0
0
0
110
136
40
8
0
32767
0
0
0
137
5
8
41
1528204237
0.5
0.770833
0
138
5
41
0
1528204237
0
0
0
139
41
8
0
1528204237
0
0
0
140
5
8
42
1603037783
0.5
0.770833
0
141
5
42
0
1603037783
0
0
0
142
42
8
0
1603037783
0
0
0
143
5
8
43
1534443245
0.5
0.770833
0
144
5
43
0
1534443245
0
0
0
145
43
8
0
1534443245
0
0
110
146
5
8
44
1476966795
0.5
0.770833
110
147
5
44
0
0
0
0
110
148
44
8
0
32767
0
0
110
149
5
8
45
1547563026
0.5
0.770833
110
150
5
45
0
0
0
0
110
151
45
8
0
32767
0
0
110
152
5
8
46
1360710174
0.5
0.770833
110
153
5
46
0
0
0
0
110
154
46
8
0
32767
0
0
110
155
1
8
47
388057897
0.5
0.520833
110
156
1
47
0
0
0
0
110
157
47
8
0
32767
0
0
0
158
8
10
0
1669099806
0
0
0
159
5
10
0
1600942354
0
0
0
160
7
10
0
1568036605
0
0
110
161
1
8
48
398549832
0.5
0.520833
110
162
1
48
0
398549832
0
0
110
163
48
8
0
398549832
0
0
0
164
4
10
0
1975124534
0
0
0
165
6
10
0
1880244386
0
0
0
166
10
7
0
609828019
0
0
0
167
2
10
0
2082670290
0
0
0
168
10
10
0
1930693882
0
0
0
169
5
8
49
1232382194
0.5
0.770833
0
170
5
49
0
0
0
0
0
171
49
8
0
0
0
0
0
172
5
8
50
1322576933
0.5
0.770833
0
173
5
50
0
0
0
0
0
174
50
8
0
32767
0
0
0
175
0
10
0
1759422991
0
0
0
176
5
8
51
1580505085
0.5
0.770833
0
177
5
51
0
0
0
0
0
178
51
8
0
32767
0
0
1072103424
179
3
17
0
1970244714
0
0
110
180
5
8
52
1555235531
0.5
0.770833
110
181
5
52
0
1555235531
0
0
110
182
52
8
0
1555235531
0
0
0
183
5
8
53
1254138648
0.5
0.770833
0
184
5
53
0
1254138648
0
0
0
185
53
8
0
1254138648
0
0
0
186
5
8
54
1280654897
0.5
0.770833
0
187
5
54
0
1280654897
0
0
0
188
54
8
0
1280654897
0
0
110
189
17
8
55
2035919155
0.75
0.5625
110
190
17
55
0
2035919155
0
0
110
191
55
8
0
2035919155
0
0
0
192
5
8
56
1527246157
0.5
0.770833
0
193
5
56
0
0
0
0
0
194
56
8
0
32767
0
0
110
195
5
8
57
1584996259
0.5
0.770833
110
196
5
57
0
1584996259
0
0
110
197
57
8
0
1584996259
0
0
110
198
5
8
58
1548949067
0.5
0.770833
110
199
5
58
0
0
0
0
110
200
58
8
0
32767
0
0
0
201
14
14
0
2117055686
0
0
0
202
6
13
0
1716008338
0
0
0
203
13
7
0
283476089
0
0
0
204
7
13
0
1496416232
0
0
0
205
8
13
0
1996951310
0
0
1071295146
206
0
13
0
1435787799
0
0
0
207
4
13
0
2073743151
0
0
0
208
3
14
0
1986045427
0
0
110
209
2
8
59
568595025
0.5
0.583333
110
210
2
59
0
568595025
0
0
110
211
59
8
0
568595025
0
0
110
212
2
8
60
537639725
0.5
0.583333
110
213
2
60
0
537639725
0
0
110
214
60
8
0
537639725
0
0
110
215
5
22
61
2142138479
0.125
0.848958
110
216
5
61
0
2142138479
0
0
110
217
61
22
0
2142138479
0
0
110
218
5
8
62
1508052667
0.5
0.770833
110
219
5
62
0
0
0
0
110
220
62
8
0
0
0
0
0
221
5
8
63
1593473601
0.5
0.770833
0
222
5
63
0
0
0
0
0
223
63
8
0
32767
0
0
0
224
5
8
64
1608502400
0.5
0.770833
0
225
5
64
0
1608502400
0
0
0
226
64
8
0
1608502400
0
0
110
227
5
8
65
1476775867
0.5
0.770833
110
228
5
65
0
0
0
0
110
229
65
8
0
32767
0
0
0
230
5
8
66
1600582141
0.5
0.770833
0
231
5
66
0
0
0
0
0
232
66
8
0
32767
0
0
110
233
5
8
67
1479684891
0.5
0.770833
110
234
5
67
0
1479684891
0
0
110
235
67
8
0
1479684891
0
0
110
236
5
8
68
1546853705
0.5
0.770833
110
237
5
68
0
0
0
0
110
238
68
8
0
0
0
0
110
239
2
13
69
1788622294
0.25
0.541667
110
240
2
69
0
0
0
0
110
241
69
13
0
32767
0
0
1070596096
242
13
14
0
1615959083
0
0
0
243
3
11
0
946585142
0
0
110
244
5
8
70
1591672064
0.5
0.770833
110
245
5
70
0
0
0
0
110
246
70
8
0
32767
0
0
0
247
5
8
71
1544545044
0.5
0.770833
0
248
5
71
0
0
0
0
0
249
71
8
0
32767
0
0
0
250
5
8
72
1580594134
0.5
0.770833
0
251
5
72
0
0
0
0
0
252
72
8
0
32767
0
0
0
253
7
11
0
1471041173
0
0
0
254
3
16
0
1865940598
0
0
0
255
1
16
0
2098284248
0
0
0
256
16
14
0
1251060769
0
0
0
257
9
14
0
1811891758
0
0
0
258
5
16
0
1680926265
0
0
110
259
1
12
73
1554003382
0.25
0.364583
110
260
1
73
0
1554003382
0
0
110
261
73
12
0
1554003382
0
0
110
262
5
8
74
1561168296
0.5
0.770833
110
263
5
74
0
0
0
0
110
264
74
8
0
32767
0
0
110
265
5
8
75
1570962606
0.5
0.770833
110
266
5
75
0
0
0
0
110
267
75
8
0
32767
0
0
0
268
5
8
76
1487948355
0.5
0.770833
0
269
5
76
0
0
0
0
0
270
76
8
0
32767
0
0
110
271
5
8
77
1562795450
0.5
0.770833
110
272
5
77
0
0
0
0
110
273
77
8
0
32767
0
0
110
274
5
8
78
1562471430
0.5
0.770833
110
275
5
78
0
1562471430
0
0
110
276
78
8
0
1562471430
0
0
0
277
5
8
79
1551964300
0.5
0.770833
0
278
5
79
0
1551964300
0
0
0
279
79
8
0
1551964300
0
0
0
280
5
8
80
1477288162
0.5
0.770833
0
281
5
80
0
1477288162
0
0
0
282
80
8
0
1477288162
0
0
0
283
5
8
81
1586502167
0.5
0.770833
0
284
5
81
0
0
0
0
0
285
81
8
0
32767
0
0
0
286
4
81
0
1859612446
0
0
110
287
5
8
82
1600761368
0.5
0.770833
110
288
5
82
0
1600761368
0
0
110
289
82
8
0
1600761368
0
0
0
290
5
8
83
1540100621
0.5
0.770833
0
291
5
83
0
1540100621
0
0
0
292
83
8
0
1540100621
0
0
0
293
0
81
0
1718322592
0
0
110
294
1
14
84
1859940442
0.25
0.572917
110
295
1
84
0
1859940442
0
0
110
296
84
14
0
1859940442
0
0
0
297
8
81
0
1429997215
0
0
0
298
16
8
0
814859670
0
0
0
299
81
14
0
1362373657
0
0
0
300
6
16
0
1731087967
0
0
0
301
81
7
0
535647097
0
0
0
302
7
16
0
1610979506
0
0
0
303
4
16
85
1772532367
0.25
0.645833
0
304
4
85
0
1772532367
0
0
0
305
85
16
0
1772532367
0
0
0
306
2
16
0
1914203388
0
0
0
307
5
81
86
2137980162
0.25
0.822917
0
308
5
86
0
0
0
0
0
309
86
81
0
32767
0
0
0
310
3
81
0
2141578408
0
0
0
311
14
16
0
1913879860
0
0
0
312
2
81
0
2130556498
0
0
0
313
7
81
0
1994949248
0
0
0
314
0
16
0
1912689484
0
0
0
315
5
8
87
1567671887
0.5
0.770833
0
316
5
87
0
0
0
0
0
317
87
8
0
32767
0
0
1071688362
318
8
16
0
1550051100
0
0
0
319
5
8
88
1597637221
0.5
0.770833
0
320
5
88
0
0
0
0
0
321
88
8
0
32767
0
0
0
322
16
7
89
1940930954
0.75
0.4375
0
323
16
89
0
1940930954
0
0
0
324
89
7
0
1940930954
0
0
0
325
14
81
0
2037908582
0
0
0
326
5
8
90
1561466953
0.5
0.770833
0
327
5
90
0
0
0
0
0
328
90
8
0
32767
0
0
0
329
0
11
0
867036108
0
0
0
330
1
11
0
978836524
0
0
110
331
4
14
91
1938189884
0.25
0.760417
110
332
4
91
0
0
0
0
110
333
91
14
0
0
0
0
0
334
16
16
0
1868868520
0
0
0
335
6
21
0
2085524468
0
0
1071295146
336
21
17
0
1516222001
0
0
110
337
7
21
92
1770425599
1
0.416667
110
338
7
92
0
0
0
0
110
339
92
21
0
0
0
0
0
340
14
17
0
1585655949
0
0
0
341
4
21
0
2018181410
0
0
0
342
5
8
93
1570152804
0.5
0.770833
0
343
5
93
0
1570152804
0
0
0
344
93
8
0
1570152804
0
0
110
345
5
8
94
1573000417
0.5
0.770833
110
346
5
94
0
0
0
0
110
347
94
8
0
0
0
0
0
348
14
22
0
2024175941
0
0
0
349
22
7
0
329913691
0
0
0
350
81
81
0
1789140074
0
0
0
351
22
8
0
521496042
0
0
0
352
16
81
0
2094197008
0
0
0
353
22
22
0
1513334678
0
0
0
354
4
22
0
1481848057
0
0
0
355
6
22
0
1684031924
0
0
0
356
81
22
0
1681971617
0
0
110
357
22
14
95
1827334670
0.375
0.796875
110
358
22
95
0
1827334670
0
0
110
359
95
14
0
1827334670
0
0
0
360
5
8
96
1607895983
0.5
0.770833
0
361
5
96
0
0
0
0
0
362
96
8
0
0
0
0
0
363
6
81
0
2110870768
0
0
0
364
1
22
0
1669758592
0
0
0
365
0
14
97
1712083958
0.25
0.510417
0
366
0
97
0
0
0
0
0
367
97
14
0
0
0
0
0
368
22
16
0
1226137163
0
0
110
369
5
14
98
1385553624
0.25
0.822917
110
370
5
98
0
0
0
0
110
371
98
14
0
0
0
0
0
372
5
14
99
1372939374
0.25
0.822917
0
373
5
99
0
0
0
0
0
374
99
14
0
32767
0
0
1071295146
375
6
89
0
1843715613
0
0
0
376
3
22
0
1773590469
0
0
110
377
5
8
100
1539117435
0.5
0.770833
110
378
5
100
0
1539117435
0
0
110
379
100
8
0
1539117435
0
0
0
380
2
11
0
652469686
0
0
0
381
81
8
101
2027510036
0.75
0.71875
0
382
81
101
0
2027510036
0
0
0
383
101
8
0
2027510036
0
0
0
384
9
7
102
1246134480
0.75
0.3125
0
385
9
102
0
0
0
0
0
386
102
7
0
32767
0
0
0
387
16
22
0
1769959379
0
0
0
388
16
89
103
2083860478
0.625
0.489583
0
389
16
103
0
0
0
0
0
390
103
89
0
0
0
0
0
391
8
22
0
1634408450
0
0
0
392
5
8
104
1531549569
0.5
0.770833
0
393
5
104
0
1531549569
0
0
0
394
104
8
0
1531549569
0
0
0
395
5
8
105
1546867191
0.5
0.770833
0
396
5
105
0
0
0
0
0
397
105
8
0
32767
0
0
0
398
1
81
0
1801805415
0
0
0
399
5
8
106
1493308583
0.5
0.770833
0
400
5
106
0
0
0
0
0
401
106
8
0
0
0
0
0
402
1
9
0
1926391119
0
0
110
403
5
14
107
1397074335
0.25
0.822917
110
404
5
107
0
0
0
0
110
405
107
14
0
32767
0
0
0
406
81
16
0
1194200027
0
0
0
407
5
8
108
1550955571
0.5
0.770833
0
408
5
108
0
1550955571
0
0
0
409
108
8
0
1550955571
0
0
0
410
7
8
109
1363670081
1
0.5
0
411
7
109
0
1363670081
0
0
0
412
109
8
0
1363670081
0
0
0
413
3
14
110
2014386390
0.25
0.697917
0
414
3
110
0
0
0
0
0
415
110
14
0
32767
0
0
110
416
5
8
111
1557489141
0.5
0.770833
110
417
5
111
0
0
0
0
110
418
111
8
0
32767
0
0
0
419
0
36
0
1918673942
0
0
0
420
89
14
0
907189617
0
0
0
421
2
21
0
2129325232
0
0
0
422
14
21
0
2049652794
0
0
0
423
21
14
0
932909496
0
0
0
424
5
8
112
1586069136
0.5
0.770833
0
425
5
112
0
0
0
0
0
426
112
8
0
32767
0
0
0
427
21
16
0
1290919321
0
0
0
428
5
8
113
1610108848
0.5
0.770833
0
429
5
113
0
0
0
0
0
430
113
8
0
32767
0
0
0
431
5
8
114
1595852731
0.5
0.770833
0
432
5
114
0
0
0
0
0
433
114
8
0
32767
0
0
0
434
7
22
0
1557500358
0
0
0
435
13
8
115
1839459508
0.75
0.625
0
436
13
115
0
0
0
0
0
437
115
8
0
32767
0
0
0
438
5
14
116
1286503280
0.25
0.822917
0
439
5
116
0
1286503280
0
0
0
440
116
14
0
1286503280
0
0
