32767
0
-1
-1
0
0
0
0.142857
32767
1
-1
-1
1
0
0
0.214286
32767
2
-1
-1
2
0
0
0.285714
32767
3
-1
-1
3
0
0
0.357143
32767
4
-1
-1
4
0
0
0.428571
32767
5
-1
-1
5
0
0
0.5
32767
6
-1
-1
6
0
0
0.571429
32767
7
-1
-1
7
0
0
0.642857
32767
8
-1
-1
8
0
0
0.714286
32767
9
-1
-1
9
0
0
0.785714
32767
10
-1
-1
10
0
0
0.857143
32767
11
-1
-1
11
0
0
0.928571
32767
12
-1
-1
12
0
0
0.0714286
32767
13
-1
-1
13
0
1
0.333333
32767
14
-1
-1
14
0
1
0.666667
32767
15
0
13
0
0
0
0
32767
16
0
14
0
0
0
0
32767
17
1
13
0
0
0
0
32767
18
1
14
0
0
0
0
32767
19
2
13
0
0
0
0
32767
20
2
14
0
0
0
0
32767
21
3
13
0
0
0
0
32767
22
3
14
0
0
0
0
32767
23
4
13
0
0
0
0
32767
24
4
14
0
0
0
0
32767
25
5
13
0
0
0
0
32767
26
5
14
0
0
0
0
32767
27
6
13
0
0
0
0
32767
28
6
14
0
0
0
0
32767
29
7
13
0
0
0
0
32767
30
7
14
0
0
0
0
32767
31
8
13
0
0
0
0
32767
32
8
14
0
0
0
0
32767
33
9
13
0
0
0
0
32767
34
9
14
0
0
0
0
32767
35
10
13
0
0
0
0
32767
36
10
14
0
0
0
0
32767
37
11
13
0
0
0
0
32767
38
11
14
0
0
0
0
32767
39
12
13
0
0
0
0
32767
40
12
14
0
0
0
0
0
41
5
14
15
954128108
0.5
0.583333
0
42
5
15
0
0
0
0
0
43
15
14
0
32767
0
0
1071644672
44
14
13
0
772271644
0
0
110
45
2
14
16
497599977
0.5
0.47619
110
46
2
16
0
497599977
0
0
110
47
16
14
0
497599977
0
0
0
48
4
14
17
851190888
0.5
0.547619
0
49
4
17
0
851190888
0
0
0
50
17
14
0
851190888
0
0
110
51
11
13
18
1967038384
0.5
0.630952
110
52
11
18
0
1967038384
0
0
110
53
18
13
0
1967038384
0
0
0
54
11
14
19
2035060029
0.5
0.797619
0
55
11
19
0
2035060029
0
0
0
56
19
14
0
2035060029
0
0
0
57
5
13
20
862923638
0.5
0.416667
0
58
5
20
0
862923638
0
0
0
59
20
13
0
862923638
0
0
0
60
3
13
21
599070750
0.5
0.345238
0
61
3
21
0
599070750
0
0
0
62
21
13
0
599070750
0
0
0
63
7
14
22
1355085448
0.5
0.654762
0
64
7
22
0
1355085448
0
0
0
65
22
14
0
1355085448
0
0
1071644672
66
13
14
0
1181569455
0
0
0
67
2
13
23
378386660
0.5
0.309524
0
68
2
23
0
378386660
0
0
0
69
23
13
0
378386660
0
0
0
70
6
13
24
1048999548
0.5
0.452381
0
71
6
24
0
1048999548
0
0
0
72
24
13
0
1048999548
0
0
0
73
7
13
25
1249407116
0.5
0.488095
0
74
7
25
0
1249407116
0
0
0
75
25
13
0
1249407116
0
0
0
76
9
14
26
1704623826
0.5
0.72619
0
77
9
26
0
1704623826
0
0
0
78
26
14
0
1704623826
0
0
0
79
0
13
27
39754459
0.5
0.238095
0
80
0
27
0
39754459
0
0
0
81
27
13
0
39754459
0
0
0
82
10
13
28
1778871969
0.5
0.595238
0
83
10
28
0
1778871969
0
0
0
84
28
13
0
1778871969
0
0
110
85
4
13
29
767761866
0.5
0.380952
110
86
4
29
0
767761866
0
0
110
87
29
13
0
767761866
0
0
0
88
1
14
30
340476380
0.5
0.440476
0
89
1
30
0
340476380
0
0
0
90
30
14
0
340476380
0
0
110
91
3
14
31
679597701
0.5
0.511905
110
92
3
31
0
679597701
0
0
110
93
31
14
0
679597701
0
0
0
94
8
13
32
1388151783
0.5
0.52381
0
95
8
32
0
1388151783
0
0
0
96
32
13
0
1388151783
0
0
0
97
6
14
33
1198289893
0.5
0.619048
0
98
6
33
0
1198289893
0
0
0
99
33
14
0
1198289893
0
0
1070845756
100
9
20
0
1477150162
0
0
0
101
9
13
34
1463507245
0.5
0.559524
0
102
9
34
0
1463507245
0
0
0
103
34
13
0
1463507245
0
0
0
104
0
14
35
145830869
0.5
0.404762
0
105
0
35
0
145830869
0
0
0
106
35
14
0
145830869
0
0
1071644672
107
14
20
0
1879696519
0
0
0
108
1
13
36
244270035
0.5
0.27381
0
109
1
36
0
244270035
0
0
0
110
36
13
0
244270035
0
0
1070995553
111
4
33
0
1956977203
0
0
1071694604
112
10
33
0
2091256655
0
0
110
113
5
20
37
2107012185
0.25
0.458333
110
114
5
37
0
2107012185
0
0
110
115
37
20
0
2107012185
0
0
1070596096
116
20
14
0
1066074568
0
0
1071919299
117
2
20
0
1732979565
0
0
0
118
10
14
38
1809864777
0.5
0.761905
0
119
10
38
0
1809864777
0
0
0
120
38
14
0
1809864777
0
0
1072268824
121
0
30
0
1433298188
0
0
1071295146
122
7
33
0
1512318387
0
0
1071919299
123
10
20
0
1889354605
0
0
1072193926
124
7
19
0
1864556033
0
0
0
125
8
14
39
1534536970
0.5
0.690476
0
126
8
39
0
1534536970
0
0
0
127
39
14
0
1534536970
0
0
1072044129
128
4
19
0
1876545000
0
0
1070496231
129
20
20
0
1989188872
0
0
110
130
3
21
40
2077301366
0.25
0.35119
110
131
3
40
0
2077301366
0
0
110
132
40
21
0
2077301366
0
0
1070596096
133
8
21
0
1989589044
0
0
1071819434
134
9
30
0
1625784550
0
0
1071444943
135
0
19
0
1806100574
0
0
1071669638
136
5
19
0
1828647931
0
0
1070695960
137
12
33
0
2107202299
0
0
1071669638
138
11
20
0
1342029945
0
0
1070496231
139
10
19
0
1961868032
0
0
1071245214
140
6
20
0
1262582223
0
0
1071919299
141
6
37
0
1632765263
0
0
1071844400
142
2
19
0
1619352441
0
0
1071744536
143
8
36
0
1517583402
0
0
0
144
1
36
41
2133609999
0.25
0.244048
0
145
1
41
0
2133609999
0
0
0
146
41
36
0
2133609999
0
0
1070596096
147
0
36
0
1989922112
0
0
1071894332
148
8
19
0
1955872300
0
0
1070845756
149
12
19
0
1797835549
0
0
1071245214
150
37
13
0
124113933
0
0
1071969231
151
11
37
0
1757522130
0
0
0
152
5
13
42
760368178
0.5
0.416667
0
153
5
42
0
760368178
0
0
0
154
42
13
0
760368178
0
0
1071644672
155
14
37
0
2078986694
0
0
1071544807
156
14
30
0
1234908893
0
0
0
157
20
13
43
1951455573
0.75
0.375
0
158
20
43
0
1951455573
0
0
0
159
43
13
0
1951455573
0
0
1071769502
160
12
20
0
1388011113
0
0
1071669638
161
7
30
0
1423291734
0
0
1071969231
162
2
36
0
2059873653
0
0
1071295146
163
13
13
0
892919683
0
0
1070496231
164
0
33
0
1089855196
0
0
0
165
11
19
44
1893687542
0.25
0.863095
0
166
11
44
0
1893687542
0
0
0
167
44
19
0
1893687542
0
0
1070596096
168
11
24
0
2088280403
0
0
110
169
11
14
45
1692956258
0.5
0.797619
110
170
11
45
0
1692956258
0
0
110
171
45
14
0
1692956258
0
0
1071919299
172
19
24
0
1421600030
0
0
0
173
24
13
46
2108819763
0.75
0.392857
0
174
24
46
0
2108819763
0
0
0
175
46
13
0
2108819763
0
0
1072168960
176
19
19
0
1593650479
0
0
1071894332
177
13
28
0
2128149545
0
0
0
178
19
14
47
1933092539
0.75
0.732143
0
179
19
47
0
1933092539
0
0
0
180
47
14
0
1933092539
0
0
1072168960
181
6
19
0
1528672072
0
0
1071769502
182
24
14
0
642546717
0
0
1071245214
183
28
14
0
441522832
0
0
0
184
5
24
0
1826989005
0
0
1071769502
185
0
24
0
1331626732
0
0
1071145350
186
7
24
0
2086459641
0
0
0
187
11
14
48
1587572405
0.5
0.797619
0
188
11
48
0
1587572405
0
0
0
189
48
14
0
1587572405
0
0
1071644672
190
3
24
0
1416312344
0
0
1070496231
191
8
24
0
1964602140
0
0
1071245214
192
8
28
0
1646965558
0
0
1071245214
193
13
24
0
1977692180
0
0
1071145350
194
14
19
0
1353251775
0
0
1070496231
195
1
24
0
1743114397
0
0
0
196
6
24
49
2061256334
0.25
0.511905
0
197
6
49
0
2061256334
0
0
0
198
49
24
0
2061256334
0
0
1070596096
199
10
24
0
1986411257
0
0
0
200
6
13
50
873326175
0.5
0.452381
0
201
6
50
0
873326175
0
0
0
202
50
13
0
873326175
0
0
1071644672
203
19
13
0
381527453
0
0
0
204
11
14
51
1599256935
0.5
0.797619
0
205
11
51
0
1599256935
0
0
0
206
51
14
0
1599256935
0
0
1071644672
207
28
28
0
2135788273
0
0
1071969231
208
4
28
0
1904042882
0
0
1070845756
209
46
46
0
1878867927
0
0
1071145350
210
10
15
0
1042803749
0
0
1070995553
211
11
47
0
1848946681
0
0
0
212
24
46
52
2027897622
0.625
0.422619
0
213
24
52
0
2027897622
0
0
0
214
52
46
0
2027897622
0
0
1071544807
215
12
28
0
2069386291
0
0
1071295146
216
14
24
0
1411854794
0
0
1072119027
217
1
15
0
925130075
0
0
1071395011
218
27
24
0
1594686257
0
0
1071295146
219
3
46
0
1925643681
0
0
0
220
28
13
53
2143938076
0.75
0.464286
0
221
28
53
0
2143938076
0
0
0
222
53
13
0
2143938076
0
0
110
223
2
19
54
2127273161
0.25
0.541667
110
224
2
54
0
2127273161
0
0
110
225
54
19
0
2127273161
0
0
1070596096
226
13
17
0
2087899461
0
0
1071544807
227
9
28
0
1687031189
0
0
110
228
16
14
55
1517737054
0.75
0.571429
110
229
16
55
0
1517737054
0
0
110
230
55
14
0
1517737054
0
0
1072168960
231
12
34
0
1599110189
0
0
110
232
11
14
56
1184964699
0.5
0.797619
110
233
11
56
0
1184964699
0
0
110
234
56
14
0
1184964699
0
0
1071644672
235
11
16
0
1687523566
0
0
1070496231
236
7
23
0
1587150856
0
0
110
237
0
27
57
1890868499
0.25
0.190476
110
238
0
57
0
1890868499
0
0
110
239
57
27
0
1890868499
0
0
1070596096
240
5
39
0
1505339385
0
0
1071744536
241
13
36
0
1645830102
0
0
0
242
9
36
0
1913972715
0
0
1071245214
243
14
38
0
1533129250
0
0
1071295146
244
3
19
0
1337230130
0
0
1071245214
245
10
27
0
1901337479
0
0
0
246
21
13
58
1986860617
0.75
0.339286
0
247
21
58
0
1986860617
0
0
0
248
58
13
0
1986860617
0
0
0
249
27
13
59
2079476170
0.75
0.285714
0
250
27
59
0
2079476170
0
0
0
251
59
13
0
2079476170
0
0
0
252
3
13
60
469241510
0.5
0.345238
0
253
3
60
0
469241510
0
0
0
254
60
13
0
469241510
0
0
1071245214
255
5
16
0
2137325617
0
0
1071245214
256
9
19
0
1807332571
0
0
1070845756
257
1
19
0
2008276410
0
0
1072044129
258
13
19
0
1785184575
0
0
1070496231
259
14
14
0
1051344843
0
0
1072044129
260
1
20
0
1677687822
0
0
1071395011
261
4
20
0
1634485232
0
0
0
262
31
14
61
2132981568
0.75
0.589286
0
263
31
61
0
2132981568
0
0
0
264
61
14
0
2132981568
0
0
1071769502
265
11
31
0
1805894977
0
0
1071594739
266
4
32
0
1624560814
0
0
1071295146
267
14
32
0
1493269234
0
0
1071145350
268
1
32
0
2101487433
0
0
110
269
32
13
62
2099084396
0.75
0.428571
110
270
32
62
0
2099084396
0
0
110
271
62
13
0
2099084396
0
0
1072168960
272
10
32
0
1916876169
0
0
1070496231
273
11
32
0
1859796356
0
0
1070695960
274
12
32
0
1649629405
0
0
1071145350
275
9
32
0
1688524589
0
0
1070845756
276
7
32
0
1696935361
0
0
1071245214
277
5
32
0
1643774654
0
0
1070496231
278
32
32
0
1785234720
0
0
1071544807
279
6
32
0
1740658228
0
0
1071245214
280
2
32
0
1846330066
0
0
1070695960
281
1
33
0
2026483797
0
0
1071769502
282
8
25
0
1939453140
0
0
110
283
2
16
63
2074113711
0.25
0.380952
110
284
2
63
0
2074113711
0
0
110
285
63
16
0
2074113711
0
0
1070596096
286
9
16
0
1585008180
0
0
1071894332
287
36
32
0
1300175848
0
0
0
288
8
32
64
2005075932
0.25
0.619048
0
289
8
64
0
2005075932
0
0
0
290
64
32
0
2005075932
0
0
1070596096
291
28
32
0
1982528835
0
0
1071919299
292
13
27
0
1742919986
0
0
1072119027
293
14
27
0
1954084328
0
0
1071819434
294
9
27
0
1654426844
0
0
1071769502
295
27
20
0
1416558642
0
0
1071919299
296
27
14
0
1023472810
0
0
1071669638
297
3
20
0
1199355218
0
0
110
298
5
13
65
712439382
0.5
0.416667
110
299
5
65
0
712439382
0
0
110
300
65
13
0
712439382
0
0
1070995553
301
7
20
0
1272021386
0
0
1071844400
302
8
20
0
1150865039
0
0
110
303
14
13
66
1801881514
1
0.5
110
304
14
66
0
1801881514
0
0
110
305
66
13
0
1801881514
0
0
1072693248
306
30
30
0
2069398659
0
0
1072044129
307
14
35
0
1782553695
0
0
110
308
35
14
67
2127468778
0.75
0.535714
110
309
35
67
0
2127468778
0
0
110
310
67
14
0
2127468778
0
0
1071145350
311
3
35
0
1935695124
0
0
1071295146
312
7
35
0
2002762855
0
0
1071844400
313
7
15
0
1544694708
0
0
110
314
15
14
68
1897105927
0.75
0.625
110
315
15
68
0
1897105927
0
0
110
316
68
14
0
1897105927
0
0
1072168960
317
14
15
0
1357189526
0
0
1071444943
318
3
28
0
1449086904
0
0
1072044129
319
25
14
0
721854348
0
0
1071894332
320
6
25
0
1658743008
0
0
1071694604
321
2
25
0
1909474361
0
0
1071819434
322
3
25
0
1944167997
0
0
1071544807
323
12
25
0
1491572943
0
0
1071819434
324
14
16
0
2074687162
0
0
1071694604
325
3
16
0
1675155936
0
0
1071295146
326
13
16
0
1840962538
0
0
1071894332
327
8
16
0
1168942520
0
0
1072193926
328
7
63
0
1868429799
0
0
1071594739
329
16
13
0
210808661
0
0
1071694604
330
4
16
0
2022105537
0
0
1071694604
331
14
65
0
1879607941
0
0
1070970587
332
7
21
0
1391540968
0
0
1071644672
333
13
20
0
1194037858
0
0
1071894332
334
7
16
0
1564664636
0
0
1071594739
335
1
35
0
2125318240
0
0
1071395011
336
10
35
0
1898877425
0
0
1070695960
337
2
33
0
2059818741
0
0
1070845756
338
9
39
0
1891521239
0
0
1071245214
339
11
23
0
1920095581
0
0
110
340
10
38
69
2113239025
0.25
0.809524
110
341
10
69
0
2113239025
0
0
110
342
69
38
0
2113239025
0
0
1070596096
343
6
38
0
1289440502
0
0
110
344
35
67
70
1914614928
0.625
0.470238
110
345
35
70
0
1914614928
0
0
110
346
70
67
0
1914614928
0
0
1071906816
347
18
69
0
1734882089
0
0
110
348
35
70
71
2047764102
0.5625
0.4375
110
349
35
71
0
2047764102
0
0
110
350
71
70
0
2047764102
0
0
1071544807
351
5
35
0
1173197460
0
0
1071544807
352
12
38
0
1832601387
0
0
1071744536
353
11
26
0
1008958541
0
0
1071969231
354
16
63
0
1983274766
0
0
1071295146
355
25
25
0
1577524631
0
0
1071444943
356
4
30
0
1754780091
0
0
1072406137
357
13
21
0
1665709337
0
0
1071744536
358
2
28
0
1878343307
0
0
1072119027
359
19
34
0
2056670921
0
0
110
360
5
13
72
659621848
0.5
0.416667
110
361
5
72
0
659621848
0
0
110
362
72
13
0
659621848
0
0
1071020519
363
10
21
0
1436902492
0
0
0
364
0
20
0
1114972466
0
0
110
365
4
20
73
2094383316
0.25
0.422619
110
366
4
73
0
2094383316
0
0
110
367
73
20
0
2094383316
0
0
1070596096
368
13
30
0
1815128038
0
0
1071444943
369
21
73
0
1968259500
0
0
1071894332
370
10
25
0
1667880680
0
0
0
371
1
21
0
2014874261
0
0
1070970587
372
21
20
0
898004569
0
0
1070845756
373
5
21
0
1359961028
0
0
110
374
30
14
74
1990905780
0.75
0.553571
110
375
30
74
0
1990905780
0
0
110
376
74
14
0
1990905780
0
0
1071120384
377
20
24
0
1164726326
0
0
1072193926
378
9
24
0
1210575783
0
0
1071906816
379
33
15
0
1716024642
0
0
0
380
1
30
75
1993984808
0.25
0.327381
0
381
1
75
0
1993984808
0
0
0
382
75
30
0
1993984808
0
0
1070596096
383
6
21
0
1306435904
0
0
110
384
65
13
76
2128212179
0.75
0.375
110
385
65
76
0
2128212179
0
0
110
386
76
13
0
2128212179
0
0
1071594739
387
2
30
0
1759241007
0
0
1072044129
388
11
30
0
1488826568
0
0
1071444943
389
2
35
0
1522391381
0
0
1071669638
390
35
38
0
1760494129
0
0
1070496231
391
20
16
0
693149197
0
0
1071469909
392
20
44
0
1845998414
0
0
110
393
7
25
77
1561375409
0.25
0.565476
110
394
7
77
0
1561375409
0
0
110
395
77
25
0
1561375409
0
0
110
396
33
14
78
1779547182
0.75
0.642857
110
397
33
78
0
1779547182
0
0
110
398
78
14
0
1779547182
0
0
1071145350
399
11
38
0
1740804081
0
0
1071781985
400
14
33
0
2012885299
0
0
1071919299
401
5
33
0
2080488922
0
0
0
402
69
38
79
2098057395
0.375
0.785714
0
403
69
79
0
0
0
0
0
404
79
38
0
32767
0
0
1071120384
405
2
21
0
728956045
0
0
1071444943
406
1
25
0
1113231762
0
0
1071469909
407
30
13
0
235443310
0
0
0
408
38
14
80
1749685884
0.75
0.714286
0
409
38
80
0
1749685884
0
0
0
410
80
14
0
1749685884
0
0
1071819434
411
8
33
0
1568783784
0
0
0
412
25
13
81
1500697383
0.75
0.410714
0
413
25
81
0
1500697383
0
0
0
414
81
13
0
1500697383
0
0
1072168960
415
38
21
0
805744131
0
0
1070970587
416
0
25
0
999165464
0
0
1072044129
417
12
69
0
2005619198
0
0
0
418
8
25
82
1948784620
0.25
0.60119
0
419
8
82
0
1948784620
0
0
0
420
82
25
0
1948784620
0
0
1070596096
421
69
25
0
1002555621
0
0
0
422
5
25
0
1252128088
0
0
0
423
3
30
0
1383214040
0
0
1072119027
424
5
30
0
1407059609
0
0
1071120384
425
21
69
0
2079365025
0
0
1071270180
426
38
30
0
1321650572
0
0
1071757019
427
77
14
0
417146113
0
0
0
428
10
69
83
2026944669
0.125
0.833333
0
429
10
83
0
2026944669
0
0
0
430
83
69
0
2026944669
0
0
1069547520
431
33
25
0
1164946008
0
0
0
432
10
38
84
1733726015
0.25
0.809524
0
433
10
84
0
1733726015
0
0
0
434
84
38
0
1733726015
0
0
1070596096
435
33
21
0
875539561
0
0
1071444943
436
5
38
0
1507711141
0
0
0
437
6
33
85
1634919109
0.25
0.595238
0
438
6
85
0
1634919109
0
0
0
439
85
33
0
1634919109
0
0
1070596096
440
33
33
0
1518353299
0
0
1071270180
441
4
21
0
754754181
0
0
1070496231
442
33
69
0
1943195409
0
0
0
443
13
38
0
2097524507
0
0
1071744536
444
38
25
0
1075968778
0
0
1072044129
445
1
38
0
1685564933
0
0
0
446
20
38
0
2048260724
0
0
1070995553
447
13
33
0
1690186033
0
0
1071395011
448
33
13
0
44050318
0
0
1071769502
449
3
33
0
1633205480
0
0
1071844400
450
11
33
0
1960796736
0
0
1071844400
451
9
33
0
1646594624
0
0
0
452
11
18
86
1866061448
0.25
0.779762
0
453
11
86
0
1866061448
0
0
0
454
86
18
0
1866061448
0
0
1070596096
455
18
18
0
1578841581
0
0
0
456
0
35
87
2033459738
0.25
0.27381
0
457
0
87
0
2033459738
0
0
0
458
87
35
0
2033459738
0
0
1071844400
459
11
25
0
1986949232
0
0
1071395011
460
8
85
0
2057648466
0
0
0
461
18
13
88
1972045825
0.75
0.482143
0
462
18
88
0
1972045825
0
0
0
463
88
13
0
1972045825
0
0
1071694604
464
14
18
0
1999564705
0
0
1071769502
465
6
18
0
1054799945
0
0
1072044129
466
6
27
0
1118813090
0
0
1071145350
467
18
33
0
1797821209
0
0
1071544807
468
33
27
0
1505433504
0
0
1072193926
469
2
18
0
1159956281
0
0
1072119027
470
1
22
0
2064681777
0
0
1070496231
471
35
19
0
910674394
0
0
1071794468
472
6
16
0
1381849848
0
0
1071969231
473
12
35
0
1765817427
0
0
0
474
10
16
0
2091403014
0
0
1071769502
475
7
69
0
1844389339
0
0
110
476
8
20
89
1971850261
0.25
0.565476
110
477
8
89
0
1971850261
0
0
110
478
89
20
0
1971850261
0
0
1070596096
479
36
20
0
457365064
0
0
1072094061
480
34
38
0
1122450519
0
0
1071944265
481
11
29
0
2145264423
0
0
1072293790
482
12
30
0
809234044
0
0
110
483
7
20
90
2013196570
0.25
0.529762
110
484
7
90
0
2013196570
0
0
110
485
90
20
0
2013196570
0
0
110
486
4
29
91
1430070276
0.25
0.404762
110
487
4
91
0
1430070276
0
0
110
488
91
29
0
1430070276
0
0
1070596096
489
6
29
0
1836673554
0
0
110
490
2
30
92
2016564875
0.25
0.363095
110
491
2
92
0
2016564875
0
0
110
492
92
30
0
2016564875
0
0
110
493
4
91
93
2008616804
0.125
0.416667
110
494
4
93
0
2008616804
0
0
110
495
93
91
0
2008616804
0
0
1071894332
496
7
44
0
1694130126
0
0
110
497
10
19
94
1910574401
0.25
0.827381
110
498
10
94
0
1910574401
0
0
110
499
94
19
0
1910574401
0
0
1070596096
500
1
31
0
1013092599
0
0
1071969231
501
16
16
0
1370886006
0
0
1070845756
502
13
87
0
2030870467
0
0
0
503
78
14
95
2068066925
0.875
0.654762
0
504
78
95
0
2068066925
0
0
0
505
95
14
0
2068066925
0
0
1071544807
506
33
89
0
1956127361
0
0
0
507
34
21
0
669227292
0
0
1070970587
508
38
20
0
324903955
0
0
0
509
29
13
96
1231434996
0.75
0.357143
0
510
29
96
0
1231434996
0
0
0
511
96
13
0
1231434996
0
0
1071270180
512
21
89
0
2089044974
0
0
1071819434
513
13
35
0
1779796360
0
0
1071969231
514
2
27
0
1069624173
0
0
0
515
11
35
0
1997409049
0
0
0
516
0
14
97
61627303
0.5
0.404762
0
517
0
97
0
0
0
0
0
518
97
14
0
32767
0
0
1071644672
519
4
27
0
976481165
0
0
1071145350
520
27
25
0
694652777
0
0
1072268824
521
13
32
0
1471173435
0
0
110
522
0
13
98
7153567
0.5
0.238095
110
523
0
98
0
7153567
0
0
110
524
98
13
0
7153567
0
0
1071644672
525
6
35
0
1494159001
0
0
1071894332
526
35
33
0
1133748526
0
0
0
527
4
33
99
1923513502
0.25
0.52381
0
528
4
99
0
1923513502
0
0
0
529
99
33
0
1923513502
0
0
1071694604
530
33
35
0
1412611152
0
0
1071944265
531
12
27
0
1111164211
0
0
1071395011
532
27
32
0
1843017420
0
0
1070695960
533
27
33
0
976050333
0
0
1071781985
534
38
13
0
28705349
0
0
1072293790
535
25
38
0
2133243178
0
0
1070096774
536
8
27
0
797591986
0
0
1071644672
537
4
38
0
1982050195
0
0
1070695960
538
0
32
0
1281472246
0
0
1071819434
539
14
25
0
618706475
0
0
1071444943
540
3
32
0
1528957210
0
0
1072268824
541
32
14
0
735082823
0
0
110
542
10
28
100
1836442388
0.25
0.72619
110
543
10
100
0
0
0
0
110
544
100
28
0
32767
0
0
1070596096
545
14
28
0
1990076643
0
0
1071295146
546
35
32
0
1634445130
0
0
110
547
3
31
101
1933515857
0.25
0.434524
110
548
3
101
0
1933515857
0
0
110
549
101
31
0
1933515857
0
0
110
550
36
13
102
2069468205
0.75
0.303571
110
551
36
102
0
2069468205
0
0
110
552
102
13
0
2069468205
0
0
1072168960
553
11
36
0
1733516917
0
0
1071494875
554
7
28
0
1785785582
0
0
1071594739
555
6
31
0
1268377682
0
0
0
556
1
13
103
205209524
0.5
0.27381
0
557
1
103
0
205209524
0
0
0
558
103
13
0
205209524
0
0
1072268824
559
8
38
0
2024932084
0
0
1071919299
560
1
28
0
1506370107
0
0
1071145350
561
5
28
0
2108904055
0
0
1071844400
562
4
31
0
2146853716
0
0
1072044129
563
2
31
0
1236315511
0
0
1071919299
564
32
36
0
1780810082
0
0
1071444943
565
16
35
0
2036794000
0
0
1071295146
566
12
16
0
1491206453
0
0
0
567
6
15
0
1868044360
0
0
0
568
0
15
0
1774056243
0
0
0
569
0
14
104
100245850
0.5
0.404762
0
570
0
104
0
100245850
0
0
0
571
104
14
0
100245850
0
0
1072044129
572
10
36
0
1406284035
0
0
1071395011
573
12
36
0
1594824076
0
0
1071694604
574
14
21
0
829430375
0
0
0
575
13
29
0
1891733164
0
0
1071944265
576
30
29
0
1570515320
0
0
1071744536
577
21
25
0
1141136310
0
0
1071781985
578
6
17
0
1852073291
0
0
110
579
4
73
105
1692786150
0.125
0.425595
110
580
4
105
0
1692786150
0
0
110
581
105
73
0
1692786150
0
0
0
582
17
40
0
1725142287
0
0
1071894332
583
28
29
0
1769222213
0
0
1071769502
584
15
13
0
228197685
0
0
1071894332
585
34
28
0
1161283846
0
0
1071669638
586
4
25
0
2063382996
0
0
1072119027
587
8
31
0
1994979684
0
0
110
588
4
25
106
2123091749
0.25
0.458333
110
589
4
106
0
2123091749
0
0
110
590
106
25
0
2123091749
0
0
1070596096
591
2
77
0
2097438120
0
0
1072044129
592
2
34
0
1707823339
0
0
1070496231
593
15
39
0
1735111693
0
0
1071819434
594
4
78
0
2083571799
0
0
110
595
10
25
107
1996310488
0.25
0.672619
110
596
10
107
0
1996310488
0
0
110
597
107
25
0
1996310488
0
0
1071395011
598
0
16
0
1408090302
0
0
1070695960
599
4
35
0
1811309509
0
0
1071694604
600
12
24
0
1751669050
0
0
1071669638
601
19
35
0
2093537701
0
0
110
602
55
14
108
1953808038
0.875
0.619048
110
603
55
108
0
1953808038
0
0
110
604
108
14
0
1953808038
0
0
1072431104
605
55
13
0
167977724
0
0
110
606
55
108
109
2079116346
0.8125
0.595238
110
607
55
109
0
2079116346
0
0
110
608
109
108
0
2079116346
0
0
110
609
5
16
110
2062938325
0.25
0.488095
110
610
5
110
0
2062938325
0
0
110
611
110
16
0
2062938325
0
0
1071969231
612
9
35
0
1530910095
0
0
1071395011
613
14
26
0
1934216141
0
0
1071894332
614
26
30
0
1707567088
0
0
1071145350
615
4
34
0
1603984413
0
0
1071295146
616
10
39
0
1723276719
0
0
110
617
0
15
111
2128787669
0.25
0.363095
110
618
0
111
0
2128787669
0
0
110
619
111
15
0
2128787669
0
0
1070995553
620
10
34
0
1867058380
0
0
1071544807
621
13
34
0
1920229016
0
0
1071919299
622
9
22
0
1198020889
0
0
1072268824
623
8
34
0
1902084020
0
0
1072044129
624
5
34
0
1837334736
0
0
1071295146
625
25
19
0
1769599001
0
0
1072006680
626
1
29
0
1299023376
0
0
1071245214
627
33
107
0
2013977732
0
0
1071844400
628
0
38
0
2080315814
0
0
1071707087
629
20
33
0
1764465148
0
0
1071969231
630
9
29
0
1209694650
0
0
1071669638
631
16
24
0
1966125297
0
0
1070995553
632
9
31
0
1951199381
0
0
1071906816
633
15
16
0
1045293768
0
0
0
634
28
15
0
1236101831
0
0
1070845756
635
34
25
0
1921504054
0
0
1071644672
636
3
23
0
2039905617
0
0
0
637
8
29
0
1763670152
0
0
1071544807
638
38
23
0
2035665156
0
0
1071120384
639
7
38
0
1220883812
0
0
1071769502
640
25
33
0
1183641826
0
0
110
641
23
13
112
1352007627
0.75
0.321429
110
642
23
112
0
1352007627
0
0
110
643
112
13
0
1352007627
0
0
110
644
11
38
113
1942463839
0.25
0.845238
110
645
11
113
0
1942463839
0
0
110
646
113
38
0
1942463839
0
0
0
647
38
38
0
1489771752
0
0
1071969231
648
23
21
0
758332318
0
0
1071944265
649
4
23
0
2062117326
0
0
1070695960
650
4
15
0
968650301
0
0
1071145350
651
6
28
0
1003659674
0
0
1072268824
652
6
36
0
1514045554
0
0
110
653
4
15
114
2076240165
0.25
0.505952
110
654
4
114
0
2076240165
0
0
110
655
114
15
0
2076240165
0
0
1070596096
656
22
13
0
61189761
0
0
110
657
6
15
115
1860188405
0.25
0.577381
110
658
6
115
0
1860188405
0
0
110
659
115
15
0
1860188405
0
0
1070596096
660
5
77
0
1800254602
0
0
110
661
22
14
116
1133282877
0.75
0.660714
110
662
22
116
0
1133282877
0
0
110
663
116
14
0
1133282877
0
0
1072168960
664
5
36
0
1097240570
0
0
1071494875
665
14
36
0
1016443816
0
0
1071694604
666
7
75
0
1775260555
0
0
1071020519
667
21
30
0
848498908
0
0
1071769502
668
3
29
0
1241105537
0
0
1071844400
669
19
16
0
1456029444
0
0
1070995553
670
28
16
0
1092045908
0
0
1072193926
671
21
19
0
641104063
0
0
1071669638
672
13
39
0
2108026538
0
0
1071669638
673
4
39
0
1801097615
0
0
1071544807
674
11
39
0
1949012947
0
0
1071145350
675
6
39
0
1796729774
0
0
1071544807
676
2
39
0
1902759749
0
0
1071295146
677
39
32
0
1486859735
0
0
1071295146
678
3
39
0
1647268996
0
0
0
679
8
14
117
1191758917
0.5
0.690476
0
680
8
117
0
1191758917
0
0
0
681
117
14
0
1191758917
0
0
0
682
39
14
118
2050526789
0.75
0.678571
0
683
39
118
0
2050526789
0
0
0
684
118
14
0
2050526789
0
0
0
685
8
14
119
1244264320
0.5
0.690476
0
686
8
119
0
1244264320
0
0
0
687
119
14
0
1244264320
0
0
1071594739
688
9
38
0
1650784464
0
0
1071894332
689
32
24
0
945749152
0
0
0
690
6
13
120
816382552
0.5
0.452381
0
691
6
120
0
816382552
0
0
0
692
120
13
0
816382552
0
0
1071894332
693
7
39
0
1713148254
0
0
1071395011
694
16
39
0
1726958886
0
0
1071919299
695
24
39
0
1828475333
0
0
1072044129
696
2
64
0
2076482773
0
0
110
697
8
39
121
1985736933
0.25
0.702381
110
698
8
121
0
1985736933
0
0
110
699
121
39
0
1985736933
0
0
1072119027
700
32
39
0
1965068442
0
0
110
701
1
32
122
2113472045
0.25
0.369048
110
702
1
122
0
2113472045
0
0
110
703
122
32
0
2113472045
0
0
1071345078
704
12
39
0
1890864427
0
0
1071095417
705
14
39
0
2097431366
0
0
1070845756
706
32
20
0
1237621636
0
0
1070695960
707
1
39
0
1438416217
0
0
1071744536
708
14
64
0
1659870185
0
0
1072044129
709
38
33
0
1906983290
0
0
1071120384
710
21
21
0
864464319
0
0
1072119027
711
14
29
0
2088084885
0
0
1071944265
712
10
29
0
1823033860
0
0
1072006680
713
38
29
0
1926117557
0
0
0
714
32
33
0
1684566364
0
0
1071844400
715
32
38
0
1741410482
0
0
0
716
2
32
123
2094808637
0.25
0.404762
0
717
2
123
0
2094808637
0
0
0
718
123
32
0
2094808637
0
0
1071844400
719
39
21
0
1229542323
0
0
110
720
39
118
124
2105447649
0.625
0.684524
110
721
39
124
0
2105447649
0
0
110
722
124
118
0
2105447649
0
0
1071906816
723
6
23
0
1024556505
0
0
110
724
5
32
125
2038576386
0.25
0.511905
110
725
5
125
0
2038576386
0
0
110
726
125
32
0
2038576386
0
0
1071744536
727
0
23
0
572033095
0
0
1072193926
728
0
39
0
1566047836
0
0
1071295146
729
9
64
0
1967047155
0
0
1072119027
730
4
64
0
1831105817
0
0
0
731
33
20
0
654061543
0
0
1072019163
732
39
39
0
1856718256
0
0
0
733
6
20
126
1947140755
0.25
0.494048
0
734
6
126
0
1947140755
0
0
0
735
126
20
0
1947140755
0
0
110
736
11
32
127
2099391626
0.25
0.72619
110
737
11
127
0
2099391626
0
0
110
738
127
32
0
2099391626
0
0
0
739
31
31
0
2089993823
0
0
110
740
8
14
128
929415274
0.5
0.690476
110
741
8
128
0
929415274
0
0
110
742
128
14
0
929415274
0
0
0
743
12
26
0
1276227695
0
0
110
744
9
14
129
1043130045
0.5
0.72619
110
745
9
129
0
1043130045
0
0
110
746
129
14
0
1043130045
0
0
110
747
118
14
130
2117137566
0.875
0.672619
110
748
118
130
0
2117137566
0
0
110
749
130
14
0
2117137566
0
0
0
750
39
16
0
1623168705
0
0
1070695960
751
5
17
0
1895496190
0
0
1071594739
752
64
13
0
468411196
0
0
1072044129
753
10
64
0
1267822235
0
0
1071594739
754
32
64
0
973276943
0
0
1071819434
755
8
63
0
2059825243
0
0
1070695960
756
16
15
0
1850228352
0
0
1071245214
757
3
63
0
1454096929
0
0
0
758
0
64
0
1031174972
0
0
1071544807
759
32
19
0
1404807551
0
0
1071295146
760
30
19
0
1131293881
0
0
1070695960
761
11
64
0
1761441047
0
0
1072119027
762
30
64
0
1097371139
0
0
1070845756
763
0
26
0
2096033423
0
0
1072193926
764
32
28
0
2070090333
0
0
1071781985
765
64
14
0
348720694
0
0
1071594739
766
6
64
0
1589269685
0
0
1071669638
767
9
23
0
1745597970
0
0
1071295146
768
64
28
0
913262422
0
0
1071694604
769
35
13
0
286711324
0
0
1071245214
770
3
38
0
1491043351
0
0
1072094061
771
15
15
0
2100199543
0
0
1072006680
772
5
80
0
2037085940
0
0
110
773
32
19
131
2111052068
0.5
0.660714
110
774
32
131
0
2111052068
0
0
110
775
131
19
0
2111052068
0
0
1071644672
776
19
32
0
523640709
0
0
1070496231
777
8
30
0
1372698120
0
0
1071969231
778
1
26
0
1438425071
0
0
1071981714
779
23
64
0
752531178
0
0
1070845756
780
1
16
0
1250532315
0
0
0
781
11
44
132
1990956302
0.125
0.895833
0
782
11
132
0
1990956302
0
0
0
783
132
44
0
1990956302
0
0
1069547520
784
44
35
0
1526641942
0
0
0
785
44
19
133
2030168775
0.375
0.830357
0
786
44
133
0
2030168775
0
0
0
787
133
19
0
2030168775
0
0
1071120384
788
35
35
0
1751978194
0
0
1070970587
789
33
29
0
1295956214
0
0
1072368688
790
14
23
0
934174606
0
0
1071644672
791
25
30
0
1092902636
0
0
1070920655
792
8
107
0
1962553473
0
0
110
793
3
13
134
286911997
0.5
0.345238
110
794
3
134
0
286911997
0
0
110
795
134
13
0
286911997
0
0
110
796
26
14
135
1529076084
0.75
0.696429
110
797
26
135
0
1529076084
0
0
110
798
135
14
0
1529076084
0
0
1070970587
799
30
80
0
1810387617
0
0
1071781985
800
20
80
0
1891318311
0
0
1071744536
801
12
15
0
1685078499
0
0
1071944265
802
21
107
0
2028430564
0
0
1071707087
803
30
33
0
1580774405
0
0
1071744536
804
15
107
0
1974341649
0
0
1071644672
805
1
80
0
1734913673
0
0
1071707087
806
20
21
0
629897931
0
0
110
807
9
34
136
1536105966
0.25
0.672619
110
808
9
136
0
1536105966
0
0
110
809
136
34
0
1536105966
0
0
1070596096
810
8
80
0
1667964265
0
0
110
811
107
25
137
2098033653
0.375
0.580357
110
812
107
137
0
2098033653
0
0
110
813
137
25
0
2098033653
0
0
1071120384
814
11
107
0
1847169650
0
0
110
815
10
107
138
2069666764
0.125
0.764881
110
816
10
138
0
2069666764
0
0
110
817
138
107
0
2069666764
0
0
1069547520
818
10
80
0
1662635830
0
0
1071757019
819
80
30
0
809442272
0
0
1070695960
820
33
38
0
1683783987
0
0
1071020519
821
27
30
0
809042498
0
0
1071644672
822
27
21
0
803047655
0
0
0
823
80
14
139
2025995658
0.875
0.690476
0
824
80
139
0
2025995658
0
0
0
825
139
14
0
2025995658
0
0
1072044129
826
34
34
0
1486800064
0
0
0
827
38
80
140
1985363728
0.625
0.738095
0
828
38
140
0
1985363728
0
0
0
829
140
80
0
1985363728
0
0
1071906816
830
107
80
0
1937869874
0
0
1071781985
831
27
107
0
2111965306
0
0
1071744536
832
13
25
0
850714553
0
0
1071320112
833
20
34
0
2117575058
0
0
1071707087
834
20
107
0
1995287867
0
0
1072044129
835
30
27
0
1059858510
0
0
1072143993
836
21
15
0
455283999
0
0
1070845756
837
9
107
0
2131195871
0
0
1072031646
838
38
32
0
807374976
0
0
1071594739
839
44
32
0
673006604
0
0
110
840
19
32
141
2133944754
0.5
0.660714
110
841
19
141
0
2133944754
0
0
110
842
141
32
0
2133944754
0
0
1072131510
843
8
35
0
2078919813
0
0
1070496231
844
35
16
0
1538941707
0
0
110
845
5
15
142
1231321103
0.25
0.541667
110
846
5
142
0
1231321103
0
0
110
847
142
15
0
1231321103
0
0
1071944265
848
30
20
0
567502464
0
0
0
849
12
21
0
1055844124
0
0
1071145350
850
20
15
0
1914806464
0
0
1070695960
851
38
15
0
2069753237
0
0
1071757019
852
81
33
0
1704224534
0
0
0
853
20
25
0
1345689016
0
0
1071544807
854
38
37
0
1969349959
0
0
1070845756
855
30
38
0
1315479883
0
0
0
856
3
13
143
270289876
0.5
0.345238
0
857
3
143
0
270289876
0
0
0
858
143
13
0
270289876
0
0
0
859
21
14
0
523059279
0
0
110
860
5
37
144
1692452831
0.125
0.479167
110
861
5
144
0
1692452831
0
0
110
862
144
37
0
1692452831
0
0
1069547520
863
10
30
0
1011649845
0
0
110
864
3
13
145
272861690
0.5
0.345238
110
865
3
145
0
272861690
0
0
110
866
145
13
0
272861690
0
0
1070845756
867
15
21
0
812692747
0
0
1070845756
868
21
33
0
1874978756
0
0
0
869
81
13
146
2119720823
0.875
0.372024
0
870
81
146
0
2119720823
0
0
0
871
146
13
0
2119720823
0
0
1071769502
872
25
21
0
938021161
0
0
1071557290
873
25
20
0
613782258
0
0
1071020519
874
33
37
0
1728974276
0
0
1071844400
875
30
21
0
1024696699
0
0
1071844400
876
0
37
0
1750952595
0
0
1071819434
877
2
38
0
1675432397
0
0
110
878
8
14
147
1021721387
0.5
0.690476
110
879
8
147
0
1021721387
0
0
110
880
147
14
0
1021721387
0
0
1071395011
881
81
81
0
1864449322
0
0
1071969231
882
5
31
0
2100454746
0
0
1072119027
883
31
19
0
1507132257
0
0
1071395011
884
12
31
0
1851074121
0
0
1071444943
885
107
38
0
1216611947
0
0
1071195282
886
85
13
0
92050423
0
0
1071020519
887
29
14
0
150299996
0
0
1070920655
888
30
37
0
1434006443
0
0
1070695960
889
2
15
0
608344412
0
0
0
890
10
14
148
1368817242
0.5
0.761905
0
891
10
148
0
1368817242
0
0
0
892
148
14
0
1368817242
0
0
1071894332
893
39
38
0
1452674824
0
0
110
894
8
14
149
1111976013
0.5
0.690476
110
895
8
149
0
1111976013
0
0
110
896
149
14
0
1111976013
0
0
1071819434
897
6
34
0
2011987968
0
0
1071969231
898
19
15
0
1744622923
0
0
1070845756
899
14
31
0
1899662898
0
0
1072293790
900
39
13
0
233438316
0
0
1070970587
901
20
39
0
1630037513
0
0
1070496231
902
14
75
0
2027909704
0
0
0
903
15
30
0
1209957617
0
0
1071544807
904
25
37
0
1335976667
0
0
110
905
37
20
150
1489125949
0.375
0.4375
110
906
37
150
0
1489125949
0
0
110
907
150
20
0
1489125949
0
0
1071844400
908
20
81
0
1980074187
0
0
1071769502
909
9
150
0
2041116921
0
0
1071744536
910
75
15
0
384463593
0
0
1071707087
911
75
13
0
89086206
0
0
1071707087
912
39
75
0
1695228628
0
0
0
913
3
75
0
1966963772
0
0
1071732053
914
15
25
0
717200455
0
0
1071694604
915
37
25
0
791544486
0
0
1071444943
916
21
39
0
1665833258
0
0
0
917
0
33
151
1575980431
0.25
0.380952
0
918
0
151
0
1575980431
0
0
0
919
151
33
0
1575980431
0
0
1071732053
920
15
75
0
1748483989
0
0
1071694604
921
9
75
0
1802658490
0
0
1071744536
922
0
150
0
2020295248
0
0
0
923
25
81
152
1980118901
0.625
0.449405
0
924
25
152
0
1980118901
0
0
0
925
152
81
0
1980118901
0
0
0
926
37
150
153
2130548319
0.3125
0.447917
0
927
37
153
0
2130548319
0
0
0
928
153
150
0
2130548319
0
0
0
929
10
38
154
1392078479
0.25
0.809524
0
930
10
154
0
1392078479
0
0
0
931
154
38
0
1392078479
0
0
1070596096
932
25
15
0
311982306
0
0
1071944265
933
8
75
0
1785091166
0
0
1071781985
934
69
81
0
2023383639
0
0
110
935
3
13
155
224172576
0.5
0.345238
110
936
3
155
0
224172576
0
0
110
937
155
13
0
224172576
0
0
1071107900
938
2
81
0
2016316752
0
0
1072006680
939
9
25
0
839071749
0
0
1071781985
940
68
15
0
309857492
0
0
1071145350
941
30
15
0
327801020
0
0
1071544807
942
38
81
0
1927586586
0
0
0
943
75
30
156
1961605066
0.375
0.383929
0
944
75
156
0
1961605066
0
0
0
945
156
30
0
1961605066
0
0
110
946
68
14
157
1732210119
0.875
0.645833
110
947
68
157
0
1732210119
0
0
110
948
157
14
0
1732210119
0
0
1072094061
949
81
38
0
1348540373
0
0
1070845756
950
12
75
0
1975694384
0
0
0
951
5
20
158
946388354
0.25
0.458333
0
952
5
158
0
946388354
0
0
0
953
158
20
0
946388354
0
0
1070596096
954
81
21
0
607372108
0
0
0
955
15
68
159
1686266745
0.625
0.604167
0
956
15
159
0
1686266745
0
0
0
957
159
68
0
1686266745
0
0
1071906816
958
39
20
0
636705799
0
0
110
959
1
75
160
1885129140
0.125
0.270833
110
960
1
160
0
1885129140
0
0
110
961
160
75
0
1885129140
0
0
1072019163
962
0
17
0
457123332
0
0
0
963
68
68
0
1643103677
0
0
0
964
9
21
0
802146618
0
0
1072119027
965
68
37
0
1169084320
0
0
0
966
81
69
0
1792503288
0
0
0
967
1
39
161
2083232309
0.25
0.452381
0
968
1
161
0
2083232309
0
0
0
969
161
39
0
2083232309
0
0
1071844400
970
33
75
0
1754921211
0
0
0
971
17
14
162
950053092
0.75
0.607143
0
972
17
162
0
950053092
0
0
0
973
162
14
0
950053092
0
0
1071769502
974
37
78
0
1954291272
0
0
1071844400
975
69
69
0
1674430314
0
0
0
976
5
20
163
942928302
0.25
0.458333
0
977
5
163
0
942928302
0
0
0
978
163
20
0
942928302
0
0
0
979
8
14
164
582074310
0.5
0.690476
0
980
8
164
0
582074310
0
0
0
981
164
14
0
582074310
0
0
110
982
150
20
165
2134992032
0.4375
0.427083
110
983
150
165
0
2134992032
0
0
110
984
165
20
0
2134992032
0
0
1071382528
985
11
21
0
642889784
0
0
1072094061
986
37
16
0
402940130
0
0
1071157833
987
154
78
0
1869545804
0
0
0
988
4
14
166
313636738
0.5
0.547619
0
989
4
166
0
313636738
0
0
0
990
166
14
0
313636738
0
0
1071844400
991
150
30
0
1115040926
0
0
1071444943
992
10
68
0
1517765442
0
0
1072006680
993
4
69
0
1802827320
0
0
0
994
20
33
167
2071375921
0.5
0.517857
0
995
20
167
0
2071375921
0
0
0
996
167
33
0
2071375921
0
0
1071644672
997
10
37
0
1321685162
0
0
1071544807
998
69
37
0
1128855787
0
0
1071844400
999
37
21
0
630991651
0
0
1072094061
1000
75
154
0
2016359682
0
0
1071145350
1001
16
38
0
1226535035
0
0
1072019163
1002
38
39
0
1358221714
0
0
110
1003
10
38
168
1283113842
0.25
0.809524
110
1004
10
168
0
1283113842
0
0
110
1005
168
38
0
1283113842
0
0
1070596096
1006
9
81
0
1705411286
0
0
1070496231
1007
163
16
0
462506330
0
0
1071145350
1008
68
33
0
998704964
0
0
1071444943
1009
81
25
0
735451612
0
0
0
1010
81
154
0
2030477781
0
0
0
1011
154
38
169
2096961874
0.375
0.785714
0
1012
154
169
0
2096961874
0
0
0
1013
169
38
0
2096961874
0
0
1071120384
1014
10
81
0
1876604273
0
0
0
1015
10
38
170
1308734490
0.25
0.809524
0
1016
10
170
0
1308734490
0
0
0
1017
170
38
0
1308734490
0
0
1070596096
1018
37
81
0
1915603866
0
0
1071969231
1019
13
163
0
2037754414
0
0
1071557290
1020
5
75
0
1718564445
0
0
1070845756
1021
33
81
0
1923387931
0
0
110
1022
15
14
171
812309815
0.75
0.625
110
1023
15
171
0
812309815
0
0
110
1024
171
14
0
812309815
0
0
1072168960
1025
38
107
0
1849349684
0
0
1071444943
1026
38
154
0
1921987653
0
0
1072243858
1027
154
25
0
757634156
0
0
1071432460
1028
13
75
0
1719177218
0
0
1071444943
1029
3
154
0
2032277348
0
0
1071707087
1030
69
16
0
400191015
0
0
1071969231
1031
78
69
0
1516859595
0
0
1071320112
1032
37
69
0
1441181970
0
0
1071320112
1033
2
37
0
1040918109
0
0
0
1034
3
13
172
180917676
0.5
0.345238
0
1035
3
172
0
180917676
0
0
0
1036
172
13
0
180917676
0
0
0
1037
75
25
0
854079153
0
0
0
1038
8
75
173
2096113487
0.125
0.520833
0
1039
8
173
0
2096113487
0
0
0
1040
173
75
0
2096113487
0
0
110
1041
8
64
174
1875903713
0.125
0.666667
110
1042
8
174
0
1875903713
0
0
110
1043
174
64
0
1875903713
0
0
1069547520
1044
5
64
0
940230001
0
0
1070496231
1045
39
15
0
1569368760
0
0
1071395011
1046
64
29
0
2052678512
0
0
1071345078
1047
18
14
0
504571399
0
0
1071245214
1048
0
31
0
2093650020
0
0
110
1049
62
13
175
1755026698
0.875
0.380952
110
1050
62
175
0
1755026698
0
0
110
1051
175
13
0
1755026698
0
0
1072431104
1052
18
35
0
2080347004
0
0
1071769502
1053
4
24
0
1901436517
0
0
1071594739
1054
6
30
0
1412667014
0
0
1071919299
1055
64
64
0
1661554682
0
0
0
1056
3
14
176
403777171
0.5
0.511905
0
1057
3
176
0
403777171
0
0
0
1058
176
14
0
403777171
0
0
1071644672
1059
3
15
0
619053706
0
0
110
1060
34
13
177
1558337707
0.75
0.446429
110
1061
34
177
0
1558337707
0
0
110
1062
177
13
0
1558337707
0
0
1071120384
1063
7
177
0
2047360163
0
0
0
1064
34
43
0
2065061132
0
0
1070920655
1065
174
62
0
1591259198
0
0
1071844400
1066
30
31
0
1783601080
0
0
1070695960
1067
10
31
0
1786231685
0
0
1071295146
1068
11
174
0
1065420406
0
0
1071594739
1069
11
62
0
1750021322
0
0
1070745892
1070
15
62
0
1169393858
0
0
1072193926
1071
62
62
0
1058244136
0
0
1071245214
1072
8
62
0
1109141182
0
0
1070695960
1073
7
18
0
1983745446
0
0
1071544807
1074
7
64
0
2092823089
0
0
1071145350
1075
38
69
0
2068023858
0
0
1071944265
1076
69
13
0
43138017
0
0
1071844400
1077
3
66
0
1697847082
0
0
1071295146
1078
14
67
0
985650226
0
0
1071969231
1079
18
32
0
479099344
0
0
1072268824
1080
1
59
0
1749055179
0
0
110
1081
7
32
178
1813866647
0.25
0.583333
110
1082
7
178
0
1813866647
0
0
110
1083
178
32
0
1813866647
0
0
110
1084
15
62
179
2024843966
0.625
0.505952
110
1085
15
179
0
2024843966
0
0
110
1086
179
62
0
2024843966
0
0
1072019163
1087
179
179
0
2004101851
0
0
1071732053
1088
9
59
0
1231812168
0
0
110
1089
27
59
180
1359520683
0.625
0.261905
110
1090
27
180
0
0
0
0
110
1091
180
59
0
32767
0
0
1072094061
1092
7
118
0
1735150625
0
0
0
1093
179
14
0
204393356
0
0
1072406137
1094
15
38
0
1266342379
0
0
1071669638
1095
19
142
0
1915720375
0
0
1071969231
1096
15
27
0
905115500
0
0
110
1097
59
13
181
1380434786
0.875
0.309524
110
1098
59
181
0
1380434786
0
0
110
1099
181
13
0
1380434786
0
0
1072431104
1100
27
142
0
1805227775
0
0
1070695960
1101
27
38
0
1278007021
0
0
1070845756
1102
36
118
0
1739484465
0
0
110
1103
179
62
182
1991986819
0.6875
0.467262
110
1104
179
182
0
1991986819
0
0
110
1105
182
62
0
1991986819
0
0
1072037888
1106
1
142
0
1882470083
0
0
0
1107
34
118
0
1600859069
0
0
1070845756
1108
178
178
0
1587270217
0
0
1071669638
1109
64
179
0
1656357634
0
0
1071444943
1110
12
118
0
1580132271
0
0
110
1111
15
179
183
2047437673
0.5625
0.544643
110
1112
15
183
0
2047437673
0
0
110
1113
183
179
0
2047437673
0
0
1071775744
1114
39
44
0
1962022556
0
0
1071969231
1115
7
31
0
2079871527
0
0
110
1116
9
24
184
1503841889
0.25
0.619048
110
1117
9
184
0
1503841889
0
0
110
1118
184
24
0
1503841889
0
0
1070596096
1119
3
59
0
826169993
0
0
110
1120
3
19
185
1187303079
0.25
0.577381
110
1121
3
185
0
1187303079
0
0
110
1122
185
19
0
1187303079
0
0
1070596096
1123
118
13
0
36431842
0
0
110
1124
15
183
186
1956417922
0.53125
0.563988
110
1125
15
186
0
1956417922
0
0
110
1126
186
183
0
1956417922
0
0
1071710208
1127
22
24
0
1678002642
0
0
0
1128
62
19
0
1444660903
0
0
1071419977
1129
25
118
0
1483809195
0
0
1072293790
1130
9
118
0
1411753762
0
0
110
1131
34
177
187
1799636342
0.625
0.502976
110
1132
34
187
0
1799636342
0
0
110
1133
187
177
0
1799636342
0
0
1071906816
1134
27
64
0
302931113
0
0
1071732053
1135
3
115
0
1855261055
0
0
1071781985
1136
39
59
0
711820424
0
0
1071769502
1137
26
15
0
1346766267
0
0
0
1138
12
17
0
1965444960
0
0
1070995553
1139
8
22
0
1838007394
0
0
1072044129
1140
7
34
0
1790539964
0
0
110
1141
2
23
188
1676133723
0.25
0.297619
110
1142
2
188
0
1676133723
0
0
110
1143
188
23
0
1676133723
0
0
1071744536
1144
1
62
0
1577915303
0
0
1071544807
1145
23
23
0
824714516
0
0
1072119027
1146
23
31
0
1760265367
0
0
1071395011
1147
31
13
0
374044141
0
0
1071594739
1148
3
17
0
1803227675
0
0
1071669638
1149
27
19
0
1150838881
0
0
1072293790
1150
11
15
0
1503918418
0
0
1071694604
1151
80
33
0
1272654672
0
0
1071844400
1152
25
80
0
1463582676
0
0
1071969231
1153
21
38
0
984704068
0
0
1071145350
1154
7
27
0
1670362494
0
0
1070695960
1155
0
22
0
1105872048
0
0
1072406137
1156
12
22
0
1428262189
0
0
1071245214
1157
22
19
0
1020096684
0
0
110
1158
8
30
189
2037897531
0.25
0.577381
110
1159
8
189
0
2037897531
0
0
110
1160
189
30
0
2037897531
0
0
1070496231
1161
24
24
0
2014740728
0
0
1072119027
1162
24
31
0
1207098779
0
0
0
1163
6
22
0
2108339136
0
0
110
1164
10
30
190
2107602967
0.25
0.64881
110
1165
10
190
0
2107602967
0
0
110
1166
190
30
0
2107602967
0
0
1070596096
1167
30
22
0
1819480017
0
0
1071295146
1168
24
19
0
808368847
0
0
1071594739
1169
19
31
0
999065796
0
0
1071819434
1170
11
22
0
1591794918
0
0
