0.5
1
0.25
2
0.125
3
0.0625
4
0.03125
5
0.015625
6
0.0078125
7
0.00390625
8
0.0117188
8
0.0234375
7
0.0195312
8
0.0273438
8
0.046875
6
0.0390625
7
0.0351562
8
0.0429688
8
0.0546875
7
0.0507812
8
0.0585938
8
0.09375
5
0.078125
6
0.0703125
7
0.0664062
8
0.0742188
8
0.0859375
7
0.0820312
8
0.0898438
8
0.109375
6
0.101562
7
0.0976562
8
0.105469
8
0.117188
7
0.113281
8
0.121094
8
0.1875
4
0.15625
5
0.140625
6
0.132812
7
0.128906
8
0.136719
8
0.148438
7
0.144531
8
0.152344
8
0.171875
6
0.164062
7
0.160156
8
0.167969
8
0.179688
7
0.175781
8
0.183594
8
0.21875
5
0.203125
6
0.195312
7
0.191406
8
0.199219
8
0.210938
7
0.207031
8
0.214844
8
0.234375
6
0.226562
7
0.222656
8
0.230469
8
0.242188
7
0.238281
8
0.246094
8
0.375
3
0.3125
4
0.28125
5
0.265625
6
0.257812
7
0.253906
8
0.261719
8
0.273438
7
0.269531
8
0.277344
8
0.296875
6
0.289062
7
0.285156
8
0.292969
8
0.304688
7
0.300781
8
0.308594
8
0.34375
5
0.328125
6
0.320312
7
0.316406
8
0.324219
8
0.335938
7
0.332031
8
0.339844
8
0.359375
6
0.351562
7
0.347656
8
0.355469
8
0.367188
7
0.363281
8
0.371094
8
0.4375
4
0.40625
5
0.390625
6
0.382812
7
0.378906
8
0.386719
8
0.398438
7
0.394531
8
0.402344
8
0.421875
6
0.414062
7
0.410156
8
0.417969
8
0.429688
7
0.425781
8
0.433594
8
0.46875
5
0.453125
6
0.445312
7
0.441406
8
0.449219
8
0.460938
7
0.457031
8
0.464844
8
0.484375
6
0.476562
7
0.472656
8
0.480469
8
0.492188
7
0.488281
8
0.496094
8
0.75
2
0.625
3
0.5625
4
0.53125
5
0.515625
6
0.507812
7
0.503906
8
0.511719
8
0.523438
7
0.519531
8
0.527344
8
0.546875
6
0.539062
7
0.535156
8
0.542969
8
0.554688
7
0.550781
8
0.558594
8
0.59375
5
0.578125
6
0.570312
7
0.566406
8
0.574219
8
0.585938
7
0.582031
8
0.589844
8
0.609375
6
0.601562
7
0.597656
8
0.605469
8
0.617188
7
0.613281
8
0.621094
8
0.6875
4
0.65625
5
0.640625
6
0.632812
7
0.628906
8
0.636719
8
0.648438
7
0.644531
8
0.652344
8
0.671875
6
0.664062
7
0.660156
8
0.667969
8
0.679688
7
0.675781
8
0.683594
8
0.71875
5
0.703125
6
0.695312
7
0.691406
8
0.699219
8
0.710938
7
0.707031
8
0.714844
8
0.734375
6
0.726562
7
0.722656
8
0.730469
8
0.742188
7
0.738281
8
0.746094
8
0.875
3
0.8125
4
0.78125
5
0.765625
6
0.757812
7
0.753906
8
0.761719
8
0.773438
7
0.769531
8
0.777344
8
0.796875
6
0.789062
7
0.785156
8
0.792969
8
0.804688
7
0.800781
8
0.808594
8
0.84375
5
0.828125
6
0.820312
7
0.816406
8
0.824219
8
0.835938
7
0.832031
8
0.839844
8
0.859375
6
0.851562
7
0.847656
8
0.855469
8
0.867188
7
0.863281
8
0.871094
8
0.9375
4
0.90625
5
0.890625
6
0.882812
7
0.878906
8
0.886719
8
0.898438
7
0.894531
8
0.902344
8
0.921875
6
0.914062
7
0.910156
8
0.917969
8
0.929688
7
0.925781
8
0.933594
8
0.96875
5
0.953125
6
0.945312
7
0.941406
8
0.949219
8
0.960938
7
0.957031
8
0.964844
8
0.984375
6
0.976562
7
0.972656
8
0.980469
8
0.992188
7
0.988281
8
0.996094
8
0.5
1
0.25
2
0.125
3
0.0625
4
0.03125
5
0.015625
6
0.0078125
7
0.00390625
8
0.0117188
8
0.0234375
7
0.0195312
8
0.0273438
8
0.046875
6
0.0390625
7
0.0351562
8
0.0429688
8
0.0546875
7
0.0507812
8
0.0585938
8
0.09375
5
0.078125
6
0.0703125
7
0.0664062
8
0.0742188
8
0.0859375
7
0.0820312
8
0.0898438
8
0.109375
6
0.101562
7
0.0976562
8
0.105469
8
0.117188
7
0.113281
8
0.121094
8
0.1875
4
0.15625
5
0.140625
6
0.132812
7
0.128906
8
0.136719
8
0.148438
7
0.144531
8
0.152344
8
0.171875
6
0.164062
7
0.160156
8
0.167969
8
0.179688
7
0.175781
8
0.183594
8
0.21875
5
0.203125
6
0.195312
7
0.191406
8
0.199219
8
0.210938
7
0.207031
8
0.214844
8
0.234375
6
0.226562
7
0.222656
8
0.230469
8
0.242188
7
0.238281
8
0.246094
8
0.375
3
0.3125
4
0.28125
5
0.265625
6
0.257812
7
0.253906
8
0.261719
8
0.273438
7
0.269531
8
0.277344
8
0.296875
6
0.289062
7
0.285156
8
0.292969
8
0.304688
7
0.300781
8
0.308594
8
0.34375
5
0.328125
6
0.320312
7
0.316406
8
0.324219
8
0.335938
7
0.332031
8
0.339844
8
0.359375
6
0.351562
7
0.347656
8
0.355469
8
0.367188
7
0.363281
8
0.371094
8
0.4375
4
0.40625
5
0.390625
6
0.382812
7
0.378906
8
0.386719
8
0.398438
7
0.394531
8
0.402344
8
0.421875
6
0.414062
7
0.410156
8
0.417969
8
0.429688
7
0.425781
8
0.433594
8
0.46875
5
0.453125
6
0.445312
7
0.441406
8
0.449219
8
0.460938
7
0.457031
8
0.464844
8
0.484375
6
0.476562
7
0.472656
8
0.480469
8
0.492188
7
0.488281
8
0.496094
8
0.75
2
0.625
3
0.5625
4
0.53125
5
0.515625
6
0.507812
7
0.503906
8
0.511719
8
0.523438
7
0.519531
8
0.527344
8
0.546875
6
0.539062
7
0.535156
8
0.542969
8
0.554688
7
0.550781
8
0.558594
8
0.59375
5
0.578125
6
0.570312
7
0.566406
8
0.574219
8
0.585938
7
0.582031
8
0.589844
8
0.609375
6
0.601562
7
0.597656
8
0.605469
8
0.617188
7
0.613281
8
0.621094
8
0.6875
4
0.65625
5
0.640625
6
0.632812
7
0.628906
8
0.636719
8
0.648438
7
0.644531
8
0.652344
8
0.671875
6
0.664062
7
0.660156
8
0.667969
8
0.679688
7
0.675781
8
0.683594
8
0.71875
5
0.703125
6
0.695312
7
0.691406
8
0.699219
8
0.710938
7
0.707031
8
0.714844
8
0.734375
6
0.726562
7
0.722656
8
0.730469
8
0.742188
7
0.738281
8
0.746094
8
0.875
3
0.8125
4
0.78125
5
0.765625
6
0.757812
7
0.753906
8
0.761719
8
0.773438
7
0.769531
8
0.777344
8
0.796875
6
0.789062
7
0.785156
8
0.792969
8
0.804688
7
0.800781
8
0.808594
8
0.84375
5
0.828125
6
0.820312
7
0.816406
8
0.824219
8
0.835938
7
0.832031
8
0.839844
8
0.859375
6
0.851562
7
0.847656
8
0.855469
8
0.867188
7
0.863281
8
0.871094
8
0.9375
4
0.90625
5
0.890625
6
0.882812
7
0.878906
8
0.886719
8
0.898438
7
0.894531
8
0.902344
8
0.921875
6
0.914062
7
0.910156
8
0.917969
8
0.929688
7
0.925781
8
0.933594
8
0.96875
5
0.953125
6
0.945312
7
0.941406
8
0.949219
8
0.960938
7
0.957031
8
0.964844
8
0.984375
6
0.976562
7
0.972656
8
0.980469
8
0.992188
7
0.988281
8
0.996094
8
