0
13
-0.421481
0
0
15
0
14
-0.271672
1
0
16
1
13
0.866901
1
0
17
1
14
0.271465
0
0
18
2
13
-0.232251
1
0
19
2
14
-0.245942
1
0
20
3
13
-0.209448
1
0
21
3
14
-0.888685
1
0
22
4
13
-0.349323
1
0
23
4
14
-0.49469
1
0
24
5
13
1.19351
0
0
25
5
14
1.08048
0
0
26
6
13
-0.354983
1
0
27
6
14
0.278653
0
0
28
7
13
0.302677
0
0
29
7
14
0.160102
1
0
30
8
13
-0.951841
1
0
31
8
14
-0.589749
1
0
32
9
13
0.511429
1
0
33
9
14
0.457184
1
0
34
10
13
-0.312767
1
0
35
10
14
-0.0397553
0
0
36
11
13
0.96513
1
0
37
11
14
-0.506274
0
0
38
12
13
0.178405
1
0
39
12
14
0.427609
1
0
40
5
15
1
1
0
42
15
14
1.15926
1
0
43
14
13
0.451875
1
0
44
5
20
0.481683
1
0
58
20
13
0.828875
1
0
59
3
21
1.28065
1
0
61
21
13
0.281795
1
0
62
7
25
0.956773
1
0
74
25
13
0.143948
1
0
75
0
27
1
1
0
80
27
13
-0.421481
1
0
81
1
30
-0.135966
1
0
89
30
14
0.277239
1
0
90
6
33
1
1
0
98
33
14
-0.16561
1
0
99
10
38
-0.0617846
1
0
119
38
14
0.578103
0
0
120
11
20
0.0365858
1
0
138
13
13
0.613115
1
1
163
14
14
-0.672473
1
1
259
4
20
-0.656596
1
0
261
7
20
0.00445265
1
0
301
12
38
-0.0879029
1
0
352
13
30
-0.304404
1
1
368
10
25
-0.372942
0
0
370
38
80
1.11494
1
0
409
80
14
-0.259278
1
0
410
10
107
1
1
0
596
107
25
-0.372942
1
0
597
15
15
0.176374
1
1
771
5
80
-0.181816
1
0
772
