0
13
0.0444506
1
0
15
0
14
0.541014
1
0
16
1
13
-0.145948
1
0
17
1
14
0.206082
1
0
18
2
13
-0.403113
1
0
19
2
14
0.377413
1
0
20
3
13
0.106812
1
0
21
3
14
-0.759864
1
0
22
4
13
-0.898877
1
0
23
4
14
-0.195991
1
0
24
5
13
-0.889849
1
0
25
5
14
0.3276
1
0
26
6
13
0.0668637
1
0
27
6
14
0.997596
0
0
28
7
13
0.0590953
0
0
29
7
14
0.390687
1
0
30
8
13
-0.187872
0
0
31
8
14
-0.769387
0
0
32
9
13
-0.268413
1
0
33
9
14
-0.651214
1
0
34
10
13
-0.420314
1
0
35
10
14
0.944864
1
0
36
11
13
0.214872
1
0
37
11
14
-0.0341871
1
0
38
12
13
0.172238
1
0
39
12
14
0.942795
1
0
40
14
13
0.669186
1
0
44
7
25
0.896404
1
0
74
25
13
0.00727573
1
0
75
0
27
1.16458
1
0
80
27
13
0.0965064
1
0
81
8
32
1
1
0
95
32
13
-0.251152
1
0
96
6
33
1.00762
1
0
98
33
14
0.376859
1
0
99
0
35
1
1
0
105
35
14
0.541014
1
0
106
4
33
-0.22463
1
0
111
13
13
0.767727
1
1
163
8
25
0.20611
1
0
282
33
13
0.347806
1
0
448
