0
13
-0.45862
0
0
15
0
14
0.197584
1
0
16
1
13
0.37535
1
0
17
1
14
0.604378
1
0
18
2
13
0.0720058
1
0
19
2
14
0.290835
1
0
20
3
13
-0.676492
1
0
21
3
14
-1.24332
1
0
22
4
13
0.225382
1
0
23
4
14
0.495735
1
0
24
5
13
-0.0873527
1
0
25
5
14
0.551543
0
0
26
6
13
-0.530716
1
0
27
6
14
0.130049
1
0
28
7
13
0.132196
1
0
29
7
14
0.208784
1
0
30
8
13
-0.635773
0
0
31
8
14
-0.408879
0
0
32
9
13
0.587032
0
0
33
9
14
0.904046
1
0
34
10
13
-0.37416
1
0
35
10
14
-0.689404
0
0
36
11
13
1.29506
1
0
37
11
14
0.560837
0
0
38
12
13
0.212108
1
0
39
12
14
-1.0318
1
0
40
5
15
0.171724
0
0
42
15
14
0.166657
1
0
43
11
19
1.34328
1
0
55
19
14
0.297112
1
0
56
0
27
0.982232
1
0
80
27
13
-0.0624416
0
0
81
8
32
1
0
0
95
32
13
0.064696
0
0
96
9
34
1
1
0
102
34
13
0.587032
1
0
103
10
38
0.781078
1
0
119
38
14
0.271536
1
0
120
8
39
0.714717
1
0
126
39
14
-0.711556
0
0
127
3
19
-0.106088
1
0
244
27
59
0.819461
1
0
250
59
13
-0.0467429
1
0
251
14
14
-0.394419
1
1
259
32
62
0.16745
1
0
270
62
13
-0.601165
1
0
271
7
32
0.261438
0
0
276
8
64
-0.336825
1
0
289
64
32
-0.157482
1
0
290
0
32
-0.87698
1
0
538
6
15
0.114667
1
0
567
39
118
1
1
0
683
118
14
-0.539379
1
0
684
32
64
0.788469
1
1
754
5
142
0.738421
1
0
846
142
15
0.363069
1
0
847
38
39
-0.117304
1
0
1002
39
15
0.192169
1
0
1045
15
62
-0.401145
0
0
1070
62
62
-0.60042
1
1
1071
1
59
-0.320973
1
0
1080
7
178
0.720683
1
0
1082
178
32
0.820388
1
0
1083
15
179
0.854346
1
0
1085
179
62
-0.502706
1
0
1086
179
179
-0.0873523
1
1
1087
9
59
-0.303629
1
0
1088
