0
13
-0.440631
1
0
15
0
14
-0.14068
1
0
16
1
13
0.641553
1
0
17
1
14
0.267629
0
0
18
2
13
-0.390022
1
0
19
2
14
-0.282086
1
0
20
3
13
-0.180187
1
0
21
3
14
-1.11539
1
0
22
4
13
-0.349323
1
0
23
4
14
-0.656175
1
0
24
5
13
1.17865
0
0
25
5
14
1.2756
0
0
26
6
13
-0.254622
1
0
27
6
14
0.287311
0
0
28
7
13
-0.068859
0
0
29
7
14
0.160102
1
0
30
8
13
-0.933547
1
0
31
8
14
-0.464619
1
0
32
9
13
0.511429
1
0
33
9
14
0.255589
1
0
34
10
13
-0.331381
1
0
35
10
14
0.0874742
0
0
36
11
13
0.96513
1
0
37
11
14
-0.280733
0
0
38
12
13
0.290817
1
0
39
12
14
0.516539
1
0
40
5
15
0.67906
1
0
42
15
14
1.18779
0
0
43
14
13
0.451875
1
0
44
5
20
0.619687
1
0
58
20
13
0.828875
1
0
59
3
21
1.28065
1
0
61
21
13
0.108701
1
0
62
7
25
0.956773
1
0
74
25
13
0.143948
0
0
75
1
30
-0.35445
0
0
89
30
14
0.572749
1
0
90
6
33
0.58852
1
0
98
33
14
-0.227337
1
0
99
5
37
0.907564
1
0
114
37
20
1.34273
1
0
115
10
38
0.908355
0
0
119
38
14
0.293658
1
0
120
8
39
1.4324
1
0
126
39
14
0.12345
1
0
127
13
13
0.603463
1
1
163
0
33
-0.461065
1
0
164
14
14
-0.375978
1
1
259
4
20
-1.11556
1
0
261
7
20
-0.0833533
1
0
301
15
68
1.16973
1
0
315
68
14
0.922372
1
0
316
10
69
1
1
0
341
69
38
0.908355
1
0
342
12
38
-0.109632
1
0
352
13
30
0.396316
1
1
368
10
25
-0.372942
1
0
370
1
75
1.3898
1
0
381
75
30
-0.0734704
1
0
382
25
81
0.511156
1
0
413
81
13
0.269561
1
0
414
20
33
0.0694985
1
0
629
1
39
0.0698576
1
0
707
81
81
0.800942
1
1
881
30
37
-0.141563
1
1
888
