0
13
-0.391608
1
0
15
0
14
-0.14068
1
0
16
1
13
0.549286
1
0
17
1
14
0.267629
0
0
18
2
13
-0.232251
1
0
19
2
14
-0.282086
1
0
20
3
13
0.0224712
1
0
21
3
14
-1.10891
1
0
22
4
13
-0.349323
1
0
23
4
14
-0.656175
1
0
24
5
13
0.929183
0
0
25
5
14
1.2756
0
0
26
6
13
-0.254622
1
0
27
6
14
0.287311
0
0
28
7
13
0.0353025
0
0
29
7
14
0.160102
1
0
30
8
13
-0.933547
1
0
31
8
14
-0.464619
1
0
32
9
13
0.511429
1
0
33
9
14
0.255589
1
0
34
10
13
-0.212712
1
0
35
10
14
0.178517
0
0
36
11
13
0.96513
1
0
37
11
14
-0.280733
0
0
38
12
13
0.225873
1
0
39
12
14
0.516539
1
0
40
5
15
1
1
0
42
15
14
1.23049
1
0
43
14
13
0.451875
1
0
44
5
20
0.968412
1
0
58
20
13
0.828875
1
0
59
3
21
1.28065
1
0
61
21
13
0.281795
1
0
62
7
25
0.956773
1
0
74
25
13
0.143948
0
0
75
1
30
-0.0734704
0
0
89
30
14
0.572749
1
0
90
6
33
0.58852
1
0
98
33
14
-0.16561
1
0
99
5
37
0.907564
1
0
114
37
20
1.14238
0
0
115
10
38
0.532795
1
0
119
38
14
0.293658
1
0
120
8
39
1.4324
1
0
126
39
14
-0.589749
1
0
127
13
13
0.551465
1
1
163
0
33
-0.461065
1
0
164
14
14
-0.624335
1
1
259
4
20
-0.956668
1
0
261
7
20
-0.0833533
1
0
301
12
38
-0.109632
1
0
352
25
25
0.162282
1
1
355
13
30
-0.0901582
1
1
368
10
25
-0.372942
1
0
370
1
75
0.101938
1
0
381
75
30
-0.0734704
1
0
382
25
81
0.853634
1
0
413
81
13
0.143948
1
0
414
20
33
0.0694985
1
0
629
30
37
-0.141563
1
1
888
37
150
1.47467
1
0
906
150
20
1.14238
1
0
907
