0
13
-0.20267
1
0
15
0
14
-0.0321385
1
0
16
1
13
0.641553
1
0
17
1
14
0.271465
0
0
18
2
13
-0.232251
1
0
19
2
14
0.131015
1
0
20
3
13
0.0224712
1
0
21
3
14
-0.867144
1
0
22
4
13
-0.544031
1
0
23
4
14
-0.656175
1
0
24
5
13
0.695994
0
0
25
5
14
1.18779
1
0
26
6
13
-0.487241
1
0
27
6
14
0.287311
0
0
28
7
13
0.143948
0
0
29
7
14
0.160102
1
0
30
8
13
-0.933547
1
0
31
8
14
-0.363704
1
0
32
9
13
0.511429
1
0
33
9
14
0.443635
1
0
34
10
13
-0.0745221
1
0
35
10
14
-0.00318097
0
0
36
11
13
0.770236
1
0
37
11
14
-0.91039
0
0
38
12
13
0.178405
1
0
39
12
14
0.640855
1
0
40
14
13
0.451875
1
0
44
5
20
0.897877
1
0
58
20
13
0.828875
1
0
59
3
21
1.24776
1
0
61
21
13
-0.139974
1
0
62
7
25
0.956773
0
0
74
25
13
0.143948
1
0
75
1
30
-0.329952
1
0
89
30
14
0.277239
1
0
90
6
33
1
1
0
98
33
14
-0.00848004
1
0
99
10
38
0.908355
1
0
119
38
14
0.0874742
1
0
120
13
13
0.294764
1
1
163
14
14
-0.266062
1
1
259
4
20
-0.540581
1
0
261
7
20
0.00445265
1
0
301
13
30
-0.0901582
1
1
368
10
25
-0.171175
1
0
370
7
77
1
1
0
394
77
25
0.956773
1
0
395
14
33
-0.340726
1
1
400
