0
13
-0.432446
1
0
15
0
14
-0.14068
1
0
16
1
13
0.510974
1
0
17
1
14
-0.0221992
0
0
18
2
13
-0.232251
1
0
19
2
14
0.976765
1
0
20
3
13
-0.108124
1
0
21
3
14
-0.867144
0
0
22
4
13
-0.0664006
1
0
23
4
14
-0.102832
1
0
24
5
13
1.37087
1
0
25
5
14
0.440943
1
0
26
6
13
-0.690372
0
0
27
6
14
0.442305
1
0
28
7
13
0.285821
1
0
29
7
14
0.209443
0
0
30
8
13
-1.17435
1
0
31
8
14
-0.278792
1
0
32
9
13
0.174726
1
0
33
9
14
0.443635
1
0
34
10
13
0.0493855
1
0
35
10
14
0.659648
1
0
36
11
13
0.644671
1
0
37
11
14
-0.645672
0
0
38
12
13
-0.0130942
1
0
39
12
14
0.427609
1
0
40
11
19
0.957904
1
0
55
19
14
-0.398965
1
0
56
7
22
-0.715705
1
0
64
22
14
0.619291
1
0
65
6
24
1
1
0
71
24
13
-0.690372
1
0
72
1
30
1
1
0
89
30
14
0.277239
1
0
90
3
31
1.20626
1
0
92
31
14
-0.867144
1
0
93
10
19
-0.107229
1
0
139
8
30
0.0081116
1
0
777
10
30
-0.66129
1
0
863
31
13
0.107546
1
0
1147
