0
19
0.040835
1
0
22
0
20
0.0578485
1
0
23
0
21
0.103874
1
0
24
1
19
0.155094
1
0
25
1
20
-0.135779
1
0
26
1
21
-0.537446
1
0
27
2
19
-0.326734
1
0
28
2
20
-0.111405
1
0
29
2
21
0.556764
1
0
30
3
19
-0.346434
1
0
31
3
20
-0.394589
1
0
32
3
21
0.753002
1
0
33
4
19
0.527583
1
0
34
4
20
0.399719
1
0
35
4
21
0.251977
1
0
36
5
19
0.568327
1
0
37
5
20
-0.279108
1
0
38
5
21
-0.264319
1
0
39
6
19
-0.00353459
1
0
40
6
20
-0.123383
1
0
41
6
21
0.649787
1
0
42
7
19
0.194077
1
0
43
7
20
-0.0143225
1
0
44
7
21
0.514209
1
0
45
8
19
-0.736669
1
0
46
8
20
0.289883
1
0
47
8
21
-0.0608098
1
0
48
9
19
-0.520341
1
0
49
9
20
-0.477518
1
0
50
9
21
-0.063831
1
0
51
10
19
-0.0331872
1
0
52
10
20
0.0617048
1
0
53
10
21
-1.00654
1
0
54
11
19
-0.175347
1
0
55
11
20
0.810084
1
0
56
11
21
-0.232926
1
0
57
12
19
-0.356364
1
0
58
12
20
0.055003
1
0
59
12
21
-0.0776629
1
0
60
13
19
-0.577094
1
0
61
13
20
-0.548208
1
0
62
13
21
-0.18931
1
0
63
14
19
0.40966
1
0
64
14
20
-0.369879
1
0
65
14
21
0.095456
1
0
66
15
19
-0.165733
1
0
67
15
20
0.333132
1
0
68
15
21
0.216591
1
0
69
16
19
0.220387
1
0
70
16
20
0.726366
1
0
71
16
21
0.761327
1
0
72
17
19
0.76786
1
0
73
17
20
-0.24817
1
0
74
17
21
0.507027
1
0
75
18
19
0.0908545
1
0
76
18
20
-0.36337
1
0
77
18
21
-0.0424814
1
0
78
