0
19
-0.673957
1
0
22
0
20
0.490877
1
0
23
0
21
-0.0322133
1
0
24
1
19
0.295835
1
0
25
1
20
-0.424451
1
0
26
1
21
-0.460193
1
0
27
2
19
0.547577
1
0
28
2
20
-0.29273
1
0
29
2
21
-0.101067
1
0
30
3
19
-0.57922
1
0
31
3
20
-0.293564
1
0
32
3
21
-0.00869559
1
0
33
4
19
0.564105
1
0
34
4
20
1.32144
1
0
35
4
21
-0.302451
1
0
36
5
19
-0.542382
1
0
37
5
20
-0.137501
1
0
38
5
21
-0.385281
1
0
39
6
19
-0.00855896
1
0
40
6
20
-0.423278
1
0
41
6
21
-0.111623
1
0
42
7
19
-0.0267253
1
0
43
7
20
-0.538433
1
0
44
7
21
-0.0577303
1
0
45
8
19
0.0317027
1
0
46
8
20
0.579847
1
0
47
8
21
0.503751
1
0
48
9
19
0.125799
1
0
49
9
20
-0.071842
1
0
50
9
21
-0.599296
1
0
51
10
19
-0.107754
1
0
52
10
20
-0.344466
1
0
53
10
21
-0.666226
1
0
54
11
19
0.513546
1
0
55
11
20
0.196876
1
0
56
11
21
0.244922
1
0
57
12
19
-0.542713
1
0
58
12
20
-0.269737
1
0
59
12
21
0.431202
1
0
60
13
19
0.00534892
1
0
61
13
20
0.504044
1
0
62
13
21
-0.398624
1
0
63
14
19
0.152196
1
0
64
14
20
-0.601144
1
0
65
14
21
0.717288
1
0
66
15
19
0.17456
1
0
67
15
20
0.176586
1
0
68
15
21
0.411294
1
0
69
16
19
1.05698
1
0
70
16
20
0.387947
1
0
71
16
21
-0.00705576
1
0
72
17
19
-0.183512
1
0
73
17
20
0.0335374
1
0
74
17
21
0.56607
1
0
75
18
19
0.092014
1
0
76
18
20
0.373587
1
0
77
18
21
-0.210708
1
0
78
