0
19
-0.555145
1
0
22
0
20
0.309768
1
0
23
0
21
0.273259
1
0
24
1
19
0.177277
1
0
25
1
20
-0.516496
1
0
26
1
21
0.0951097
1
0
27
2
19
0.745482
1
0
28
2
20
-0.0784057
1
0
29
2
21
0.699215
1
0
30
3
19
-0.463045
1
0
31
3
20
-0.707974
1
0
32
3
21
-0.45517
1
0
33
4
19
-0.0178012
1
0
34
4
20
-0.250995
1
0
35
4
21
0.574633
1
0
36
5
19
0.665304
1
0
37
5
20
0.414459
1
0
38
5
21
0.463551
1
0
39
6
19
-0.594226
1
0
40
6
20
0.00911698
1
0
41
6
21
0.592413
1
0
42
7
19
0.506795
1
0
43
7
20
0.177273
1
0
44
7
21
-0.347159
1
0
45
8
19
-0.419438
1
0
46
8
20
0.244685
1
0
47
8
21
-0.0487927
1
0
48
9
19
0.157571
1
0
49
9
20
0.477423
1
0
50
9
21
-0.0294495
1
0
51
10
19
0.289731
1
0
52
10
20
-0.119371
1
0
53
10
21
-0.833476
1
0
54
11
19
-0.671708
1
0
55
11
20
-0.325147
1
0
56
11
21
0.244922
1
0
57
12
19
0.613931
1
0
58
12
20
0.739782
1
0
59
12
21
-1.08287
1
0
60
13
19
-0.613261
1
0
61
13
20
-0.0956527
1
0
62
13
21
0.35849
1
0
63
14
19
-0.205416
1
0
64
14
20
-0.331987
1
0
65
14
21
0.59176
1
0
66
15
19
-0.0800558
1
0
67
15
20
-0.0800276
1
0
68
15
21
-0.220694
1
0
69
16
19
-0.213765
1
0
70
16
20
0.284825
1
0
71
16
21
-0.108092
1
0
72
17
19
0.980743
1
0
73
17
20
-0.281337
1
0
74
17
21
-0.141868
1
0
75
18
19
0.181171
1
0
76
18
20
-0.0408196
1
0
77
18
21
-0.677078
1
0
78
