0
19
0.0645478
1
0
22
0
20
-0.131366
1
0
23
0
21
-0.333215
1
0
24
1
19
0.224098
1
0
25
1
20
0.109207
1
0
26
1
21
0.564567
1
0
27
2
19
0.607165
1
0
28
2
20
-0.098003
1
0
29
2
21
0.294795
1
0
30
3
19
-0.304927
1
0
31
3
20
-0.152233
1
0
32
3
21
0.208778
1
0
33
4
19
0.398821
1
0
34
4
20
0.466826
1
0
35
4
21
0.377242
1
0
36
5
19
-0.186011
1
0
37
5
20
-0.146886
1
0
38
5
21
-0.622204
1
0
39
6
19
-0.334528
1
0
40
6
20
-0.231472
1
0
41
6
21
0.171701
1
0
42
7
19
0.423916
1
0
43
7
20
-0.242695
1
0
44
7
21
-0.544308
1
0
45
8
19
-0.326036
1
0
46
8
20
-0.124089
1
0
47
8
21
0.158217
1
0
48
9
19
0.383215
1
0
49
9
20
0.612709
1
0
50
9
21
-0.103407
1
0
51
10
19
0.0123276
1
0
52
10
20
0.346368
1
0
53
10
21
-0.125415
1
0
54
11
19
0.0511066
1
0
55
11
20
0.0758722
1
0
56
11
21
0.110484
1
0
57
12
19
0.680689
1
0
58
12
20
0.125589
1
0
59
12
21
-0.162089
1
0
60
13
19
-0.365964
1
0
61
13
20
-0.0956527
1
0
62
13
21
-0.461566
1
0
63
14
19
-0.0123119
1
0
64
14
20
-0.595351
1
0
65
14
21
0.59176
1
0
66
15
19
-0.5954
1
0
67
15
20
0.50287
1
0
68
15
21
0.473175
1
0
69
16
19
0.0242662
1
0
70
16
20
-0.564708
1
0
71
16
21
-0.112401
1
0
72
17
19
-0.706286
1
0
73
17
20
-0.264993
1
0
74
17
21
-0.0190815
1
0
75
18
19
0.478593
1
0
76
18
20
-0.304221
1
0
77
18
21
-0.974353
1
0
78
