0
19
-0.762475
1
0
22
0
20
0.163962
1
0
23
0
21
0.0181793
1
0
24
1
19
-0.469742
1
0
25
1
20
0.156226
1
0
26
1
21
-0.197101
1
0
27
2
19
-0.123374
1
0
28
2
20
0.357393
1
0
29
2
21
-0.954003
1
0
30
3
19
0.604154
1
0
31
3
20
-1.09821
1
0
32
3
21
0.314211
1
0
33
4
19
-0.0909607
1
0
34
4
20
0.279107
1
0
35
4
21
-0.90668
1
0
36
5
19
0.207084
1
0
37
5
20
-0.661387
1
0
38
5
21
0.325286
1
0
39
6
19
-0.388009
1
0
40
6
20
0.621548
1
0
41
6
21
-0.502953
1
0
42
7
19
-0.943926
1
0
43
7
20
-0.0763604
1
0
44
7
21
-0.107317
1
0
45
8
19
-0.0504449
1
0
46
8
20
-0.268068
1
0
47
8
21
0.609491
1
0
48
9
19
0.458413
1
0
49
9
20
-0.433499
1
0
50
9
21
0.468224
1
0
51
10
19
0.129106
1
0
52
10
20
0.118959
1
0
53
10
21
-0.211908
1
0
54
11
19
0.129823
1
0
55
11
20
0.36112
1
0
56
11
21
0.0190773
1
0
57
12
19
0.253026
1
0
58
12
20
0.517446
1
0
59
12
21
0.124163
1
0
60
13
19
-0.325693
1
0
61
13
20
0.0923071
1
0
62
13
21
-0.535465
1
0
63
14
19
-0.601626
1
0
64
14
20
0.549716
1
0
65
14
21
-0.499191
1
0
66
15
19
0.211756
1
0
67
15
20
-0.623021
1
0
68
15
21
0.242047
1
0
69
16
19
0.334095
1
0
70
16
20
0.0902174
1
0
71
16
21
-0.134389
1
0
72
17
19
0.287787
1
0
73
17
20
0.32788
1
0
74
17
21
-0.101382
1
0
75
18
19
-0.531402
1
0
76
18
20
-0.0200138
1
0
77
18
21
0.440278
1
0
78
