0
19
-0.714529
1
0
22
0
20
0.206345
1
0
23
0
21
-0.0406556
1
0
24
1
19
0.0666748
1
0
25
1
20
0.0898957
1
0
26
1
21
-0.275383
1
0
27
2
19
0.13109
1
0
28
2
20
0.798263
1
0
29
2
21
-0.360353
1
0
30
3
19
0.84789
1
0
31
3
20
-0.280656
1
0
32
3
21
0.0805022
1
0
33
4
19
-0.295974
1
0
34
4
20
-1.25379
1
0
35
4
21
-0.237038
1
0
36
5
19
-0.572841
1
0
37
5
20
0.653198
1
0
38
5
21
0.682303
1
0
39
6
19
0.964778
1
0
40
6
20
0.117327
1
0
41
6
21
1.03174
1
0
42
7
19
0.261656
1
0
43
7
20
0.560826
1
0
44
7
21
0.640465
1
0
45
8
19
0.445294
1
0
46
8
20
0.668766
1
0
47
8
21
-0.591225
1
0
48
9
19
0.392115
1
0
49
9
20
0.365773
1
0
50
9
21
0.126554
1
0
51
10
19
-0.574185
1
0
52
10
20
-0.371444
1
0
53
10
21
-0.871742
1
0
54
11
19
-0.491494
1
0
55
11
20
0.254905
1
0
56
11
21
0.698856
1
0
57
12
19
-0.0224224
1
0
58
12
20
0.284466
1
0
59
12
21
0.248515
1
0
60
13
19
0.082199
1
0
61
13
20
-0.119929
1
0
62
13
21
-0.121188
1
0
63
14
19
0.435773
1
0
64
14
20
-0.446576
1
0
65
14
21
0.414267
1
0
66
15
19
-0.181541
1
0
67
15
20
-0.673693
1
0
68
15
21
-0.248648
1
0
69
16
19
0.663298
1
0
70
16
20
-0.168589
1
0
71
16
21
-0.751688
1
0
72
17
19
-0.670622
1
0
73
17
20
-0.146038
1
0
74
17
21
0.577134
1
0
75
18
19
0.206643
1
0
76
18
20
0.110201
1
0
77
18
21
-0.352674
1
0
78
