0
19
-0.752218
1
0
22
0
20
0.00417992
1
0
23
0
21
0.14714
1
0
24
1
19
0.0419391
1
0
25
1
20
-0.253279
1
0
26
1
21
0.00759262
1
0
27
2
19
0.205226
1
0
28
2
20
0.921094
1
0
29
2
21
0.223194
1
0
30
3
19
0.143987
1
0
31
3
20
0.780362
1
0
32
3
21
-0.0568974
1
0
33
4
19
0.27386
1
0
34
4
20
0.154179
1
0
35
4
21
0.148135
1
0
36
5
19
-0.0321125
1
0
37
5
20
0.502756
1
0
38
5
21
-0.0984795
1
0
39
6
19
-0.0623087
1
0
40
6
20
-0.0837372
1
0
41
6
21
-0.0768462
1
0
42
7
19
0.49354
1
0
43
7
20
-0.313919
1
0
44
7
21
-0.0621146
1
0
45
8
19
0.347059
1
0
46
8
20
-0.555432
1
0
47
8
21
0.588449
1
0
48
9
19
0.272104
1
0
49
9
20
-0.215078
1
0
50
9
21
-0.47231
1
0
51
10
19
-0.0298777
1
0
52
10
20
0.599949
1
0
53
10
21
0.305421
1
0
54
11
19
0.0183408
1
0
55
11
20
0.604366
1
0
56
11
21
0.230705
1
0
57
12
19
0.136391
1
0
58
12
20
-0.759733
1
0
59
12
21
-0.138494
1
0
60
13
19
0.213809
1
0
61
13
20
-1.0767
1
0
62
13
21
-0.121327
1
0
63
14
19
0.0520933
1
0
64
14
20
-0.072057
1
0
65
14
21
0.972833
1
0
66
15
19
0.247132
1
0
67
15
20
-0.517062
1
0
68
15
21
0.237608
1
0
69
16
19
-0.227453
1
0
70
16
20
-0.185396
1
0
71
16
21
0.762274
1
0
72
17
19
0.499135
1
0
73
17
20
0.0642879
1
0
74
17
21
0.59183
1
0
75
18
19
0.642726
1
0
76
18
20
0.308384
1
0
77
18
21
-0.131211
1
0
78
