0
19
-0.374093
1
0
22
0
20
-0.351623
1
0
23
0
21
-0.126125
1
0
24
1
19
0.0534198
1
0
25
1
20
-0.216511
1
0
26
1
21
-0.0770693
1
0
27
2
19
-0.0351464
1
0
28
2
20
0.110892
1
0
29
2
21
0.612909
1
0
30
3
19
-0.194525
1
0
31
3
20
0.0890097
1
0
32
3
21
0.440303
1
0
33
4
19
0.511629
1
0
34
4
20
0.124751
1
0
35
4
21
0.664752
1
0
36
5
19
-0.176261
1
0
37
5
20
0.461896
1
0
38
5
21
-0.437971
1
0
39
6
19
-0.187598
1
0
40
6
20
-0.0655504
1
0
41
6
21
-0.0768462
1
0
42
7
19
0.656765
1
0
43
7
20
-0.208103
1
0
44
7
21
0.722012
1
0
45
8
19
0.456668
1
0
46
8
20
0.40437
1
0
47
8
21
-0.427587
1
0
48
9
19
0.11406
1
0
49
9
20
-0.27913
1
0
50
9
21
0.126554
1
0
51
10
19
-0.852522
1
0
52
10
20
-0.371444
1
0
53
10
21
0.375823
1
0
54
11
19
0.216888
1
0
55
11
20
0.156058
1
0
56
11
21
-0.611919
1
0
57
12
19
0.162838
1
0
58
12
20
0.219932
1
0
59
12
21
-0.216724
1
0
60
13
19
0.126784
1
0
61
13
20
-0.490629
1
0
62
13
21
-0.121327
1
0
63
14
19
-0.214174
1
0
64
14
20
0.238464
1
0
65
14
21
0.455036
1
0
66
15
19
-0.0925428
1
0
67
15
20
-0.665421
1
0
68
15
21
-0.0613894
1
0
69
16
19
0.386701
1
0
70
16
20
-0.168589
1
0
71
16
21
1.16289
1
0
72
17
19
0.102678
1
0
73
17
20
-0.0766769
1
0
74
17
21
0.462248
1
0
75
18
19
0.38751
1
0
76
18
20
-0.330699
1
0
77
18
21
-0.158695
1
0
78
