0
13
-0.22268
0
0
15
0
14
-0.174389
1
0
16
1
13
0.641553
1
0
17
1
14
0.0488148
1
0
18
2
13
-0.232251
1
0
19
2
14
-0.0552289
1
0
20
3
13
-0.108124
1
0
21
3
14
-0.867144
1
0
22
4
13
-0.260596
1
0
23
4
14
0.0628952
1
0
24
5
13
0.944067
1
0
25
5
14
0.864587
1
0
26
6
13
-0.899768
1
0
27
6
14
0.442305
1
0
28
7
13
0.00385922
1
0
29
7
14
-0.36069
1
0
30
8
13
-0.933547
1
0
31
8
14
-0.448438
1
0
32
9
13
0.37628
1
0
33
9
14
0.440059
1
0
34
10
13
-0.0745221
1
0
35
10
14
0.35149
1
0
36
11
13
0.718263
1
0
37
11
14
-1.11706
0
0
38
12
13
-0.0130942
1
0
39
12
14
0.828862
1
0
40
11
19
1
1
0
55
19
14
-0.384808
1
0
56
0
27
1.28904
1
0
80
27
13
-0.797246
1
0
81
2
19
-0.520011
1
0
142
19
13
0.0627365
1
0
203
