0
13
-0.0466217
1
0
15
0
14
-0.174389
0
0
16
1
13
0.641553
1
0
17
1
14
0.277239
1
0
18
2
13
-0.232251
1
0
19
2
14
0.305308
0
0
20
3
13
0.03106
1
0
21
3
14
-0.867144
1
0
22
4
13
-0.219324
1
0
23
4
14
-0.320495
1
0
24
5
13
0.944067
1
0
25
5
14
0.641261
1
0
26
6
13
-0.446975
1
0
27
6
14
0.442305
1
0
28
7
13
0.374721
1
0
29
7
14
-0.361612
1
0
30
8
13
-0.933547
1
0
31
8
14
-0.655857
1
0
32
9
13
0.365963
1
0
33
9
14
0.364005
1
0
34
10
13
-0.231812
1
0
35
10
14
0.35149
1
0
36
11
13
1.1172
1
0
37
11
14
-0.89629
0
0
38
12
13
-0.0130942
1
0
39
12
14
0.72086
1
0
40
14
13
0.385955
1
0
44
2
16
1.03817
1
0
46
16
14
0.0306998
1
0
47
11
19
1
1
0
55
19
14
-0.384808
1
0
56
0
35
1
1
0
105
35
14
-0.174389
1
0
106
5
16
0.272398
1
0
255
