0
13
-0.22268
1
0
15
0
14
-0.14068
1
0
16
1
13
0.641553
1
0
17
1
14
0.277239
1
0
18
2
13
-0.232251
1
0
19
2
14
0.0306998
1
0
20
3
13
-0.108124
1
0
21
3
14
-0.867144
0
0
22
4
13
-0.423113
1
0
23
4
14
-0.102832
1
0
24
5
13
0.944067
1
0
25
5
14
0.507352
1
0
26
6
13
-0.690372
1
0
27
6
14
0.442305
1
0
28
7
13
0.00385922
1
0
29
7
14
0.209443
1
0
30
8
13
-0.933547
1
0
31
8
14
-0.448438
1
0
32
9
13
0.190701
1
0
33
9
14
0.443635
1
0
34
10
13
-0.0745221
1
0
35
10
14
0.35149
1
0
36
11
13
0.721426
1
0
37
11
14
-0.722361
0
0
38
12
13
-0.0130942
1
0
39
12
14
0.427609
1
0
40
11
19
0.957586
1
0
55
19
14
-0.398965
1
0
56
3
31
1
1
0
92
31
14
-0.867144
1
0
93
10
19
-0.107229
1
0
139
