0
13
-0.22268
1
0
15
0
14
-0.174389
1
0
16
1
13
0.641553
1
0
17
1
14
0.277239
1
0
18
2
13
-0.232251
1
0
19
2
14
-0.0552289
1
0
20
3
13
-0.112103
1
0
21
3
14
-0.911236
1
0
22
4
13
-0.699613
1
0
23
4
14
-0.00226301
1
0
24
5
13
0.816577
1
0
25
5
14
0.641261
1
0
26
6
13
-0.446975
1
0
27
6
14
0.442305
1
0
28
7
13
0.00385922
1
0
29
7
14
-0.14082
1
0
30
8
13
-0.933547
0
0
31
8
14
-0.448438
1
0
32
9
13
0.365963
1
0
33
9
14
0.443635
1
0
34
10
13
-0.0745221
1
0
35
10
14
0.35149
0
0
36
11
13
0.736419
1
0
37
11
14
-0.384808
1
0
38
12
13
-0.054965
1
0
39
12
14
0.427609
1
0
40
8
32
1
1
0
95
32
13
-0.933547
1
0
96
10
38
0.719224
1
0
119
38
14
0.35149
1
0
120
8
39
1
1
0
126
39
14
-0.448438
1
0
127
14
14
-0.214708
1
1
259
1
32
0.787995
1
0
268
7
32
-0.628383
1
0
276
