0
0
0
1.08532
0
0.142857
1
0
0
1
0
0.214286
2
0
0
1.0833
0
0.285714
3
0
0
1.00457
0
0.357143
4
0
0
0.998171
0
0.428571
5
0
0
0.976604
0
0.5
6
0
0
1.05596
0
0.571429
7
0
0
1.01861
0
0.642857
8
0
0
0.871744
0
0.714286
9
0
0
1.01155
0
0.785714
10
0
0
1.07128
0
0.857143
11
0
0
0.955718
0
0.928571
12
3
0
1
0
0.0714286
13
2
0
0.987416
1
0.333333
14
2
1
1
1
0.666667
32
1
0
1
0.5
0.52381
64
1
0
1
0.25
0.619048
62
1
1
1
0.75
0.428571
15
1
0
1.05834
0.5
0.583333
39
1
0
0.920637
0.5
0.690476
27
1
0
1.06931
0.5
0.238095
59
1
0
1.01042
0.75
0.285714
38
1
0
1
0.5
0.761905
19
1
0
1.02229
0.5
0.797619
178
1
0
1.00873
0.25
0.583333
179
1
1
0.952528
0.625
0.505952
118
1
0
1
0.75
0.678571
34
1
0
1
0.5
0.559524
142
1
0
1
0.25
0.541667
