0
0
0
1
0
0.142857
1
0
0
1
0
0.214286
2
0
0
1
0
0.285714
3
0
0
1
0
0.357143
4
0
0
1
0
0.428571
5
0
0
1
0
0.5
6
0
0
0.933477
0
0.571429
7
0
0
1
0
0.642857
8
0
0
1
0
0.714286
9
0
0
1
0
0.785714
10
0
0
1
0
0.857143
11
0
0
1
0
0.928571
12
3
0
1
0
0.0714286
13
2
0
0.995271
1
0.333333
14
2
0
1
1
0.666667
15
1
0
1
0.5
0.583333
20
1
0
1
0.5
0.416667
21
1
0
1
0.5
0.345238
25
1
0
1
0.5
0.488095
30
1
0
1
0.5
0.440476
33
1
0
1
0.5
0.619048
37
1
0
1
0.25
0.458333
38
1
0
1
0.5
0.761905
39
1
0
1
0.5
0.690476
68
1
0
1
0.75
0.625
69
1
0
1
0.25
0.809524
75
1
0
1
0.25
0.327381
81
1
0
1
0.75
0.410714
107
1
0
1
0.25
0.672619
154
1
0
1
0.25
0.809524
16
1
0
1
0.5
0.47619
