0
0
0
1.02484
0
0.142857
1
0
0
0.945711
0
0.214286
2
0
0
1
0
0.285714
3
0
0
1
0
0.357143
4
0
0
0.997325
0
0.428571
5
0
0
1.06492
0
0.5
6
0
0
1
0
0.571429
7
0
0
0.983538
0
0.642857
8
0
0
1
0
0.714286
9
0
0
0.978104
0
0.785714
10
0
0
1.08264
0
0.857143
11
0
0
1
0
0.928571
12
3
0
1.06365
0
0.0714286
13
2
1
1
1
0.333333
14
2
1
1
1
0.666667
20
1
0
1.03484
0.5
0.416667
21
1
0
1.06197
0.5
0.345238
30
1
0
1
0.5
0.440476
25
1
0
1.0423
0.5
0.488095
38
1
0
1.06173
0.5
0.761905
33
1
0
1
0.5
0.619048
29
1
0
1
0.5
0.380952
