0
0
-1
-1
0
0
0
0.1
0
1
-1
-1
1
0
0
0.15
0
2
-1
-1
2
0
0
0.2
0
3
-1
-1
3
0
0
0.25
0
4
-1
-1
4
0
0
0.3
0
5
-1
-1
5
0
0
0.35
0
6
-1
-1
6
0
0
0.4
0
7
-1
-1
7
0
0
0.45
0
8
-1
-1
8
0
0
0.5
0
9
-1
-1
9
0
0
0.55
0
10
-1
-1
10
0
0
0.6
0
11
-1
-1
11
0
0
0.65
0
12
-1
-1
12
0
0
0.7
0
13
-1
-1
13
0
0
0.75
0
14
-1
-1
14
0
0
0.8
0
15
-1
-1
15
0
0
0.85
0
16
-1
-1
16
0
0
0.9
0
17
-1
-1
17
0
0
0.95
0
18
-1
-1
18
0
0
0.05
0
19
-1
-1
19
0
1
0.25
0
20
-1
-1
20
0
1
0.5
0
21
-1
-1
21
0
1
0.75
0
22
0
19
0
0
0
0
0
23
0
20
0
0
0
0
0
24
0
21
0
0
0
0
0
25
1
19
0
0
0
0
0
26
1
20
0
0
0
0
0
27
1
21
0
0
0
0
0
28
2
19
0
0
0
0
0
29
2
20
0
0
0
0
0
30
2
21
0
0
0
0
0
31
3
19
0
0
0
0
0
32
3
20
0
0
0
0
0
33
3
21
0
0
0
0
0
34
4
19
0
0
0
0
0
35
4
20
0
0
0
0
0
36
4
21
0
0
0
0
0
37
5
19
0
0
0
0
0
38
5
20
0
0
0
0
0
39
5
21
0
0
0
0
0
40
6
19
0
0
0
0
0
41
6
20
0
0
0
0
0
42
6
21
0
0
0
0
0
43
7
19
0
0
0
0
0
44
7
20
0
0
0
0
0
45
7
21
0
0
0
0
0
46
8
19
0
0
0
0
0
47
8
20
0
0
0
0
0
48
8
21
0
0
0
0
0
49
9
19
0
0
0
0
0
50
9
20
0
0
0
0
0
51
9
21
0
0
0
0
0
52
10
19
0
0
0
0
0
53
10
20
0
0
0
0
0
54
10
21
0
0
0
0
0
55
11
19
0
0
0
0
0
56
11
20
0
0
0
0
0
57
11
21
0
0
0
0
0
58
12
19
0
0
0
0
0
59
12
20
0
0
0
0
0
60
12
21
0
0
0
0
0
61
13
19
0
0
0
0
0
62
13
20
0
0
0
0
0
63
13
21
0
0
0
0
0
64
14
19
0
0
0
0
0
65
14
20
0
0
0
0
0
66
14
21
0
0
0
0
0
67
15
19
0
0
0
0
0
68
15
20
0
0
0
0
0
69
15
21
0
0
0
0
0
70
16
19
0
0
0
0
0
71
16
20
0
0
0
0
0
72
16
21
0
0
0
0
0
73
17
19
0
0
0
0
0
74
17
20
0
0
0
0
0
75
17
21
0
0
0
0
0
76
18
19
0
0
0
0
0
77
18
20
0
0
0
0
0
78
18
21
0
0
0
0
0
79
1
19
22
145122499
0.5
0.2
0
80
1
22
0
0
0
0
0
81
22
19
0
32767
0
0
0
82
14
19
23
1626759994
0.5
0.525
0
83
14
23
0
1626759994
0
0
0
84
23
19
0
1626759994
0
0
0
85
17
21
24
2061779028
0.5
0.85
0
86
17
24
0
0
0
0
0
87
24
21
0
32767
0
0
0
88
6
20
25
746417574
0.5
0.45
0
89
6
25
0
746417574
0
0
0
90
25
20
0
746417574
0
0
0
91
10
20
26
1192920589
0.5
0.55
0
92
10
26
0
1192920589
0
0
0
93
26
20
0
1192920589
0
0
0
94
20
19
0
695266663
0
0
0
95
20
20
0
1434561412
0
0
0
96
19
20
0
1343947202
0
0
0
97
2
20
27
271536889
0.5
0.35
0
98
2
27
0
0
0
0
0
99
27
20
0
0
0
0
0
100
11
19
28
1276134634
0.5
0.45
0
101
11
28
0
1276134634
0
0
0
102
28
19
0
1276134634
0
0
0
103
13
19
29
1514636956
0.5
0.5
0
104
13
29
0
1514636956
0
0
0
105
29
19
0
1514636956
0
0
0
106
6
21
30
768558847
0.5
0.575
0
107
6
30
0
768558847
0
0
0
108
30
21
0
768558847
0
0
0
109
3
19
31
344845033
0.5
0.25
0
110
3
31
0
0
0
0
0
111
31
19
0
32767
0
0
1071644672
112
7
22
0
1942087463
0
0
0
113
13
20
32
1566762122
0.5
0.625
0
114
13
32
0
0
0
0
0
115
32
20
0
32767
0
0
0
116
17
19
33
1992484850
0.5
0.6
0
117
17
33
0
1992484850
0
0
0
118
33
19
0
1992484850
0
0
0
119
5
19
34
601434803
0.5
0.3
0
120
5
34
0
601434803
0
0
0
121
34
19
0
601434803
0
0
0
122
19
19
0
774533436
0
0
0
123
15
21
35
1827222658
0.5
0.8
0
124
15
35
0
0
0
0
0
125
35
21
0
0
0
0
0
126
9
19
36
1065680366
0.5
0.4
0
127
9
36
0
0
0
0
0
128
36
19
0
0
0
0
0
129
9
21
37
1113228435
0.5
0.65
0
130
9
37
0
1113228435
0
0
0
131
37
21
0
1113228435
0
0
0
132
8
21
38
997212707
0.5
0.625
0
133
8
38
0
997212707
0
0
0
134
38
21
0
997212707
0
0
0
135
10
19
39
1179367420
0.5
0.425
0
136
10
39
0
0
0
0
0
137
39
19
0
32767
0
0
0
138
1
20
40
168222606
0.5
0.325
0
139
1
40
0
168222606
0
0
0
140
40
20
0
168222606
0
0
0
141
6
19
41
704378798
0.5
0.325
0
142
6
41
0
0
0
0
0
143
41
19
0
32767
0
0
0
144
7
21
42
883070834
0.5
0.6
0
145
7
42
0
0
0
0
0
146
42
21
0
32767
0
0
0
147
4
19
43
486195792
0.5
0.275
0
148
4
43
0
0
0
0
0
149
43
19
0
32767
0
0
0
150
12
20
44
1426616786
0.5
0.6
0
151
12
44
0
1426616786
0
0
0
152
44
20
0
1426616786
0
0
0
153
9
20
45
1106258347
0.5
0.525
0
154
9
45
0
1106258347
0
0
0
155
45
20
0
1106258347
0
0
0
156
13
21
46
1588546213
0.5
0.75
0
157
13
46
0
0
0
0
0
158
46
21
0
0
0
0
0
159
3
20
47
421363659
0.5
0.375
0
160
3
47
0
0
0
0
0
161
47
20
0
0
0
0
0
162
14
21
48
1691706647
0.5
0.775
0
163
14
48
0
0
0
0
0
164
48
21
0
32767
0
0
0
165
16
21
49
1937899433
0.5
0.825
0
166
16
49
0
1937899433
0
0
0
167
49
21
0
1937899433
0
0
