0
7
-1.03065
1
0
9
0
8
-0.0840102
1
0
10
1
7
-1.10239
1
0
11
1
8
-0.193737
1
0
12
2
7
-1.20401
1
0
13
2
8
0.304979
1
0
14
3
7
-0.767984
1
0
15
3
8
-0.692067
1
0
16
4
7
-0.72146
0
0
17
4
8
-1.47754
1
0
18
5
7
-1.34876
1
0
19
5
8
0.762677
0
0
20
6
7
0.655016
1
0
21
6
8
0.666154
1
0
22
7
8
-0.0707183
1
0
38
5
14
0.72697
1
0
40
14
8
0.600514
1
0
41
4
16
0.812485
1
0
46
16
7
-0.380915
0
0
47
5
22
0.612603
1
0
66
22
14
1.44008
1
0
67
5
81
1
1
0
284
81
8
0.860945
1
0
285
16
89
0.642297
1
0
323
89
7
-0.20917
1
0
324
