0
7
-0.866955
1
0
9
0
8
-0.288363
1
0
10
1
7
0.130652
1
0
11
1
8
-0.265665
1
0
12
2
7
-1.72021
1
0
13
2
8
0.297644
1
0
14
3
7
-0.366707
1
0
15
3
8
-0.729257
1
0
16
4
7
-0.807248
0
0
17
4
8
-1.40509
1
0
18
5
7
-1.39787
1
0
19
5
8
-0.537098
0
0
20
6
7
0.740157
1
0
21
6
8
0.00221112
1
0
22
7
8
0.551895
1
0
38
5
14
1.1325
1
0
40
14
8
0.733333
1
0
41
4
16
0.709792
1
0
46
16
7
-0.787463
1
0
47
6
14
-0.218478
1
0
117
5
16
0.206236
1
0
258
5
81
1.09561
1
0
284
81
8
-0.55813
1
0
285
7
16
-0.141995
1
1
302
