0
7
-1.03065
1
0
9
0
8
0.107081
1
0
10
1
7
-0.992451
1
0
11
1
8
-0.193737
1
0
12
2
7
-1.20401
1
0
13
2
8
0.304979
1
0
14
3
7
-0.659752
1
0
15
3
8
-1.00652
1
0
16
4
7
-0.711544
0
0
17
4
8
-1.61089
1
0
18
5
7
-1.60091
1
0
19
5
8
0.952577
0
0
20
6
7
0.149042
1
0
21
6
8
1.0276
1
0
22
7
8
-0.0707183
1
0
38
5
14
1.02973
1
0
40
14
8
0.52369
1
0
41
4
16
0.85313
1
0
46
16
7
-0.380159
0
0
47
5
22
0.612603
1
0
66
22
14
1.44008
1
0
67
5
81
1.17519
1
0
284
81
8
0.668921
1
0
285
16
89
0.636612
1
0
323
89
7
-0.346421
1
0
324
